date,storage,inflow,outflow
2016-08-16,1020967372.331,3.481,34.969
2016-08-17,1018213007.755,2.825,34.704
2016-08-18,1015457250.515,2.545,34.441
2016-08-19,1012722668.522,2.530,34.180
2016-08-20,1010016209.311,2.599,33.924
2016-08-21,1007357989.267,2.908,33.674
2016-08-22,1004714427.994,2.830,33.427
2016-08-23,1002046211.721,2.296,33.178
2016-08-24,999372856.493,1.989,32.931
2016-08-25,996715657.179,1.932,32.686
2016-08-26,994087375.005,2.026,32.446
2016-08-27,991468801.271,1.900,32.208
2016-08-28,988851994.833,1.684,31.971
2016-08-29,986234877.592,1.445,31.735
2016-08-30,983620672.283,1.245,31.502
2016-08-31,981007472.395,1.024,31.269
2016-09-01,978395239.823,0.804,31.038
2016-09-02,975788334.864,0.637,30.809
2016-09-03,973236338.099,1.049,30.586
2016-09-04,970791078.560,2.072,30.373
2016-09-05,968343243.235,1.830,30.162
2016-09-06,965866962.000,1.288,29.949
2016-09-07,963370654.748,0.843,29.736
2016-09-08,960869925.313,0.579,29.523
2016-09-09,958374171.147,0.426,29.312
2016-09-10,955887496.285,0.322,29.103
2016-09-11,953409733.436,0.218,28.896
2016-09-12,950942733.508,0.138,28.691
2016-09-13,948489247.363,0.092,28.489
2016-09-14,946051882.669,0.078,28.289
2016-09-15,943631470.140,0.077,28.091
2016-09-16,941227452.099,0.072,27.896
2016-09-17,938839609.589,0.066,27.703
2016-09-18,936467936.291,0.063,27.513
2016-09-19,934113036.076,0.070,27.325
2016-09-20,931778458.841,0.120,27.140
2016-09-21,929470954.094,0.251,26.958
2016-09-22,927185867.879,0.331,26.779
2016-09-23,924910483.439,0.266,26.602
2016-09-24,922642071.766,0.171,26.426
2016-09-25,920382669.064,0.101,26.252
2016-09-26,918135629.476,0.072,26.080
2016-09-27,915902710.007,0.066,25.910
2016-09-28,913686465.302,0.091,25.742
2016-09-29,911495977.544,0.224,25.577
2016-09-30,909329960.476,0.345,25.414
2016-10-01,907169539.329,0.249,25.254
2016-10-02,905013410.710,0.139,25.094
2016-10-03,902866018.466,0.082,24.936
2016-10-04,900730491.664,0.063,24.779
2016-10-05,898607768.436,0.056,24.625
2016-10-06,896497964.350,0.053,24.472
2016-10-07,894401003.632,0.051,24.321
2016-10-08,892323537.609,0.128,24.172
2016-10-09,890267635.299,0.231,24.026
2016-10-10,888225387.074,0.244,23.882
2016-10-11,886191032.814,0.193,23.738
2016-10-12,884163853.896,0.134,23.597
2016-10-13,882145487.456,0.095,23.456
2016-10-14,880137526.315,0.077,23.317
2016-10-15,878140619.883,0.067,23.180
2016-10-16,876154981.734,0.062,23.044
2016-10-17,874180739.060,0.059,22.910
2016-10-18,872217770.214,0.057,22.777
2016-10-19,870265924.045,0.055,22.645
2016-10-20,868325107.227,0.052,22.516
2016-10-21,866395222.333,0.051,22.387
2016-10-22,864476180.003,0.049,22.260
2016-10-23,862567891.518,0.048,22.135
2016-10-24,860670260.523,0.047,22.011
2016-10-25,858783178.973,0.047,21.888
2016-10-26,856906533.600,0.046,21.767
2016-10-27,855040220.060,0.046,21.647
2016-10-28,853184132.038,0.045,21.528
2016-10-29,851338165.966,0.045,21.411
2016-10-30,849502191.885,0.045,21.294
2016-10-31,847676105.970,0.044,21.180
2016-11-01,845859802.440,0.044,21.066
2016-11-02,844053087.432,0.043,20.954
2016-11-03,842255743.407,0.040,20.843
2016-11-04,840467802.753,0.039,20.733
2016-11-05,838689218.348,0.039,20.624
2016-11-06,836919899.304,0.038,20.517
2016-11-07,835159763.626,0.038,20.410
2016-11-08,833408714.226,0.038,20.305
2016-11-09,831666651.840,0.038,20.201
2016-11-10,829933483.718,0.038,20.098
2016-11-11,828209097.455,0.038,19.996
2016-11-12,826493414.247,0.038,19.895
2016-11-13,824786344.807,0.038,19.796
2016-11-14,823088081.180,0.041,19.697
2016-11-15,821398364.779,0.042,19.599
2016-11-16,819716942.524,0.042,19.503
2016-11-17,818043717.479,0.041,19.407
2016-11-18,816378611.431,0.041,19.313
2016-11-19,814721553.541,0.040,19.219
2016-11-20,813072466.886,0.040,19.127
2016-11-21,811431273.313,0.040,19.035
2016-11-22,809797896.275,0.039,18.944
2016-11-23,808172252.337,0.039,18.855
2016-11-24,806554266.373,0.039,18.766
2016-11-25,804943859.511,0.039,18.678
2016-11-26,803340946.660,0.039,18.591
2016-11-27,801745450.678,0.039,18.505
2016-11-28,800157303.738,0.039,18.420
2016-11-29,798576467.012,0.039,18.336
2016-11-30,797606562.506,7.058,18.284
2016-12-01,798271682.308,26.017,18.319
2016-12-02,799159186.535,28.639,18.367
2016-12-03,799332367.593,20.380,18.376
2016-12-04,798965285.638,14.108,18.356
2016-12-05,798880946.763,17.376,18.352
2016-12-06,799425005.067,24.678,18.381
2016-12-07,800608066.953,32.137,18.444
2016-12-08,801810143.811,32.421,18.508
2016-12-09,802496054.924,26.484,18.545
2016-12-10,802770433.978,21.736,18.560
2016-12-11,802737073.559,18.172,18.558
2016-12-12,802517679.761,16.007,18.547
2016-12-13,802186970.235,14.701,18.529
2016-12-14,801812099.763,14.170,18.509
2016-12-15,801376628.818,13.445,18.485
2016-12-16,800818697.441,11.998,18.455
2016-12-17,800161869.388,10.818,18.420
2016-12-18,799467653.734,10.348,18.383
2016-12-19,798962723.723,12.512,18.356
2016-12-20,798714841.551,15.474,18.343
2016-12-21,798342912.256,14.018,18.323
2016-12-22,797806784.081,12.089,18.295
2016-12-23,797125940.153,10.379,18.259
2016-12-24,796330935.043,9.015,18.217
2016-12-25,795465539.657,8.155,18.171
2016-12-26,794552185.793,7.552,18.123
2016-12-27,793700181.131,8.217,18.079
2016-12-28,792922585.516,9.038,18.038
2016-12-29,792087026.525,8.324,17.995
2016-12-30,791249567.651,8.258,17.951
2016-12-31,790427915.603,8.399,17.909
2017-01-01,789599358.783,8.276,17.866
2017-01-02,788779114.896,8.330,17.824
2017-01-03,788715254.915,17.082,17.821
2017-01-04,789765124.221,30.026,17.875
2017-01-05,790707144.035,28.826,17.923
2017-01-06,791261293.092,24.366,17.952
2017-01-07,791498029.679,20.704,17.964
2017-01-08,791529537.587,18.330,17.966
2017-01-09,791376178.982,16.183,17.958
2017-01-10,791087607.022,14.603,17.943
2017-01-11,790658115.955,12.950,17.921
2017-01-12,790464547.864,15.670,17.911
2017-01-13,790540219.064,18.790,17.915
2017-01-14,790465343.745,17.044,17.911
2017-01-15,790242903.374,15.325,17.899
2017-01-16,789887021.033,13.762,17.881
2017-01-17,789413157.100,12.372,17.857
2017-01-18,788880630.816,11.666,17.829
2017-01-19,788260758.656,10.623,17.797
2017-01-20,787567543.362,9.739,17.762
2017-01-21,786958141.393,10.678,17.731
2017-01-22,787042213.393,18.708,17.735
2017-01-23,788035113.009,29.278,17.786
2017-01-24,789257075.294,31.992,17.849
2017-01-25,790446041.531,31.671,17.910
2017-01-26,791314285.486,28.004,17.955
2017-01-27,791918954.971,24.984,17.986
2017-01-28,792397984.100,23.555,18.011
2017-01-29,792777202.203,22.420,18.031
2017-01-30,793002091.939,20.645,18.042
2017-01-31,793063065.665,18.751,18.045
2017-02-01,792962767.227,16.879,18.040
2017-02-02,792730655.394,15.342,18.028
2017-02-03,792417610.799,14.389,18.012
2017-02-04,792049298.528,13.730,17.993
2017-02-05,791609826.267,12.883,17.970
2017-02-06,791062907.695,11.611,17.942
2017-02-07,790442070.830,10.724,17.910
2017-02-08,789782998.270,10.247,17.876
2017-02-09,789238792.398,11.549,17.848
2017-02-10,788859710.169,13.441,17.828
2017-02-11,788528525.725,13.978,17.811
2017-02-12,788152666.975,13.442,17.792
2017-02-13,787678306.905,12.277,17.768
2017-02-14,787075740.171,10.763,17.737
2017-02-15,786358733.230,9.402,17.700
2017-02-16,785631357.100,9.245,17.664
2017-02-17,784915991.180,9.348,17.627
2017-02-18,784207772.088,9.395,17.592
2017-02-19,783495779.934,9.315,17.556
2017-02-20,782743535.640,8.812,17.518
2017-02-21,781872544.840,7.394,17.475
2017-02-22,780941846.696,6.656,17.428
2017-02-23,780102880.937,7.676,17.387
2017-02-24,779400284.594,9.220,17.352
2017-02-25,778649178.627,8.621,17.315
2017-02-26,777794956.389,7.386,17.273
2017-02-27,776863093.811,6.441,17.227
2017-02-28,775927921.961,6.357,17.181
2017-03-01,775016671.371,6.590,17.137
2017-03-02,774175029.335,7.355,17.096
2017-03-03,773374445.896,7.791,17.057
2017-03-04,772526152.123,7.198,17.016
2017-03-05,771658636.896,6.934,16.975
2017-03-06,770742449.886,6.327,16.931
2017-03-07,769782601.891,5.776,16.885
2017-03-08,768812285.019,5.608,16.839
2017-03-09,767854106.239,5.704,16.794
2017-03-10,766918085.379,5.916,16.750
2017-03-11,766059083.115,6.767,16.709
2017-03-12,765286601.378,7.732,16.673
2017-03-13,764689428.095,9.734,16.645
2017-03-14,764284860.043,11.944,16.626
2017-03-15,763925496.976,12.450,16.610
2017-03-16,763442780.707,11.000,16.587
2017-03-17,762860270.012,9.818,16.560
2017-03-18,762207635.425,8.977,16.530
2017-03-19,761505323.696,8.369,16.498
2017-03-20,760756686.999,7.799,16.463
2017-03-21,759971938.811,7.345,16.428
2017-03-22,759144850.445,6.817,16.390
2017-03-23,758258528.508,6.091,16.350
2017-03-24,757328284.160,5.541,16.307
2017-03-25,756391170.188,5.419,16.265
2017-03-26,755457337.135,5.415,16.223
2017-03-27,754591228.867,6.160,16.185
2017-03-28,753876535.693,7.881,16.153
2017-03-29,753321887.887,9.708,16.128
2017-03-30,752854242.550,10.695,16.107
2017-03-31,752462563.626,11.557,16.090
2017-04-01,752180842.040,12.817,16.077
2017-04-02,751913162.130,12.967,16.066
2017-04-03,751567750.833,12.053,16.050
2017-04-04,751625615.856,16.723,16.053
2017-04-05,751944102.451,19.753,16.067
2017-04-06,752435689.750,21.778,16.089
2017-04-07,753173191.116,24.657,16.121
2017-04-08,753686234.733,22.082,16.144
2017-04-09,753954245.710,19.258,16.156
2017-04-10,754001969.082,16.711,16.158
2017-04-11,753854873.288,14.449,16.152
2017-04-12,753572024.116,12.865,16.139
2017-04-13,753239518.200,12.276,16.124
2017-04-14,752864170.533,11.763,16.108
2017-04-15,752392080.629,10.623,16.087
2017-04-16,751840660.435,9.680,16.062
2017-04-17,751209549.460,8.730,16.035
2017-04-18,750511961.632,7.930,16.004
2017-04-19,749807589.202,7.821,15.973
2017-04-20,749264961.571,9.669,15.949
2017-04-21,748773909.982,10.245,15.928
2017-04-22,748152068.360,8.704,15.901
2017-04-23,747433400.988,7.552,15.870
2017-04-24,747535059.364,17.051,15.874
2017-04-25,748825907.265,30.871,15.930
2017-04-26,750120666.861,30.973,15.987
2017-04-27,751004914.985,26.260,16.026
2017-04-28,752007757.850,27.677,16.070
2017-04-29,753276163.870,30.807,16.126
2017-04-30,754228711.028,27.193,16.168
2017-05-01,754914471.012,24.136,16.199
2017-05-02,755697890.157,25.301,16.234
2017-05-03,756746879.991,28.422,16.281
2017-05-04,757632789.957,26.575,16.321
2017-05-05,758676525.161,28.449,16.369
2017-05-06,760177943.783,33.815,16.437
2017-05-07,761818390.891,35.499,16.512
2017-05-08,763293026.904,33.648,16.580
2017-05-09,764548275.310,31.167,16.639
2017-05-10,765582953.867,28.662,16.687
2017-05-11,766421780.661,26.435,16.726
2017-05-12,767093615.550,24.534,16.758
2017-05-13,767621605.054,22.894,16.783
2017-05-14,768089142.733,22.216,16.805
2017-05-15,768603273.984,22.780,16.829
2017-05-16,769073489.001,22.294,16.851
2017-05-17,769421910.781,20.901,16.868
2017-05-18,769632850.515,19.319,16.878
2017-05-19,769696811.564,17.621,16.881
2017-05-20,769588357.780,15.621,16.876
2017-05-21,769409161.181,14.793,16.867
2017-05-22,770209525.417,26.169,16.905
2017-05-23,771631642.529,33.433,16.973
2017-05-24,773290771.121,36.256,17.053
2017-05-25,775266733.014,40.019,17.149
2017-05-26,777091486.938,38.358,17.238
2017-05-27,778655694.367,35.419,17.315
2017-05-28,779920584.657,32.017,17.377
2017-05-29,780950885.742,29.353,17.429
2017-05-30,781784863.887,27.123,17.470
2017-05-31,782462770.919,25.350,17.504
2017-06-01,783013222.874,23.903,17.532
2017-06-02,783447613.543,22.581,17.553
2017-06-03,783765340.904,21.247,17.569
2017-06-04,783964663.251,19.886,17.579
2017-06-05,784053121.177,18.608,17.584
2017-06-06,784189912.205,19.174,17.591
2017-06-07,784506832.137,21.275,17.607
2017-06-08,784787742.633,20.872,17.621
2017-06-09,784906592.454,19.003,17.627
2017-06-10,784882013.225,17.341,17.626
2017-06-11,784712055.772,15.650,17.617
2017-06-12,784475074.089,14.862,17.605
2017-06-13,784061003.964,12.792,17.584
2017-06-14,783496983.865,11.028,17.556
2017-06-15,782829431.985,9.796,17.522
2017-06-16,782120213.846,9.278,17.487
2017-06-17,781381461.254,8.900,17.450
2017-06-18,780614551.710,8.536,17.412
2017-06-19,779808487.830,8.042,17.372
2017-06-20,778996158.940,7.930,17.332
2017-06-21,778270293.530,8.895,17.296
2017-06-22,777611834.239,9.643,17.264
2017-06-23,777168314.689,12.108,17.242
2017-06-24,776884359.565,13.941,17.228
2017-06-25,776574661.885,13.628,17.213
2017-06-26,776264012.222,13.602,17.198
2017-06-27,775782686.776,11.603,17.174
2017-06-28,775147989.313,9.797,17.143
2017-06-29,774412794.502,8.598,17.107
2017-06-30,773643033.852,8.161,17.070
2017-07-01,774293546.437,24.631,17.102
2017-07-02,775616288.314,32.475,17.166
2017-07-03,776503298.822,27.476,17.209
2017-07-04,777032286.074,23.358,17.235
2017-07-05,777379348.273,21.269,17.252
2017-07-06,777541122.334,19.133,17.260
2017-07-07,777556788.032,17.442,17.261
2017-07-08,777483917.643,16.414,17.257
2017-07-09,777337674.222,15.557,17.250
2017-07-10,777064413.799,14.074,17.237
2017-07-11,776677489.261,12.739,17.218
2017-07-12,776189661.779,11.548,17.194
2017-07-13,775615821.939,10.524,17.166
2017-07-14,774963305.072,9.582,17.134
2017-07-15,774224987.068,8.553,17.098
2017-07-16,773442561.525,8.005,17.061
2017-07-17,772662809.962,7.998,17.023
2017-07-18,771913750.106,8.317,16.987
2017-07-19,771161365.456,8.243,16.951
2017-07-20,770378184.229,7.849,16.913
2017-07-21,769540488.171,7.178,16.874
2017-07-22,768634044.677,6.339,16.831
2017-07-23,767664231.363,5.560,16.785
2017-07-24,766671551.029,5.249,16.738
2017-07-25,765709209.625,5.555,16.693
2017-07-26,764756615.995,5.623,16.648
2017-07-27,763775002.605,5.241,16.603
2017-07-28,762747903.890,4.667,16.555
2017-07-29,761763216.616,5.113,16.510
2017-07-30,760819055.911,5.539,16.466
2017-07-31,759777351.239,4.362,16.419
2017-08-01,758657186.232,3.403,16.368
2017-08-02,757495134.108,2.865,16.315
2017-08-03,756338821.192,2.880,16.263
2017-08-04,755188488.861,2.897,16.211
2017-08-05,753988754.214,2.272,16.158
2017-08-06,752736379.262,1.607,16.102
2017-08-07,751456059.500,1.227,16.045
2017-08-08,750584919.963,5.925,16.007
2017-08-09,750863401.966,19.243,16.019
2017-08-10,751383744.973,22.065,16.042
2017-08-11,751710285.279,19.836,16.057
2017-08-12,751964912.037,19.015,16.068
2017-08-13,751965735.655,16.078,16.068
2017-08-14,751661938.831,12.538,16.055
2017-08-15,751299568.060,11.845,16.039
2017-08-16,750940402.261,11.866,16.023
2017-08-17,750433496.704,10.134,16.001
2017-08-18,749801548.565,8.659,15.973
2017-08-19,749079631.450,7.586,15.941
2017-08-20,748282883.459,6.685,15.907
2017-08-21,747424124.649,5.930,15.869
2017-08-22,746515677.261,5.316,15.830
2017-08-23,745556278.690,4.685,15.789
2017-08-24,744555358.244,4.161,15.746
2017-08-25,743518592.411,3.702,15.702
2017-08-26,742447905.940,3.264,15.657
2017-08-27,741346275.384,2.860,15.610
2017-08-28,740214376.633,2.462,15.563
2017-08-29,739059291.723,2.145,15.514
2017-08-30,737897001.253,2.014,15.466
2017-08-31,736763686.537,2.302,15.419
2017-09-01,736846293.354,16.379,15.423
2017-09-02,737917638.594,27.867,15.467
2017-09-03,738752623.195,25.166,15.502
2017-09-04,739063347.213,19.111,15.515
2017-09-05,738943513.171,14.123,15.510
2017-09-06,738565302.353,11.116,15.494
2017-09-07,738273544.585,12.105,15.482
2017-09-08,738087886.025,13.325,15.474
2017-09-09,737719246.903,11.192,15.459
2017-09-10,737195056.443,9.370,15.437
2017-09-11,736572173.654,8.202,15.411
2017-09-12,737053633.109,21.004,15.431
2017-09-13,738942085.800,37.367,15.510
2017-09-14,741038978.395,39.867,15.597
2017-09-15,742589908.242,33.613,15.663
2017-09-16,743611392.981,27.529,15.706
2017-09-17,744253121.316,23.161,15.733
2017-09-18,744648413.214,20.325,15.750
2017-09-19,744864482.483,18.260,15.759
2017-09-20,744952200.051,16.778,15.763
2017-09-21,744918933.697,15.377,15.762
2017-09-22,744743255.260,13.721,15.754
2017-09-23,744457331.573,12.433,15.742
2017-09-24,744066059.302,11.197,15.725
2017-09-25,743586366.863,10.153,15.705
2017-09-26,743019190.523,9.116,15.681
2017-09-27,742367334.746,8.109,15.653
2017-09-28,741647512.122,7.292,15.623
2017-09-29,740870649.273,6.599,15.590
2017-09-30,740044173.932,5.990,15.555
2017-10-01,739152777.157,5.201,15.518
2017-10-02,738202564.527,4.481,15.479
2017-10-03,737234556.200,4.235,15.439
2017-10-04,736235302.563,3.832,15.398
2017-10-05,735191848.361,3.278,15.355
2017-10-06,734111065.731,2.802,15.311
2017-10-07,733003627.944,2.448,15.266
2017-10-08,731917130.166,2.647,15.222
2017-10-09,731987897.326,16.044,15.225
2017-10-10,733596460.091,33.907,15.290
2017-10-11,735693920.846,39.651,15.375
2017-10-12,737450102.379,35.774,15.448
2017-10-13,738647532.314,29.356,15.497
2017-10-14,739501404.618,25.416,15.533
2017-10-15,740153381.899,23.106,15.560
2017-10-16,740586951.595,20.596,15.578
2017-10-17,740904742.029,19.270,15.592
2017-10-18,741145298.707,18.386,15.602
2017-10-19,741297743.614,17.372,15.608
2017-10-20,741351660.643,16.234,15.610
2017-10-21,741299977.429,15.010,15.608
2017-10-22,741172216.790,14.124,15.603
2017-10-23,740984175.237,13.418,15.595
2017-10-24,741922787.766,26.498,15.634
2017-10-25,743549274.779,34.528,15.703
2017-10-26,744812935.772,30.383,15.757
2017-10-27,745742201.505,26.552,15.797
2017-10-28,746422983.012,23.706,15.826
2017-10-29,747091905.932,23.597,15.855
2017-10-30,748077659.771,27.307,15.898
2017-10-31,749217019.033,29.134,15.947
2017-11-01,750203845.363,27.412,15.990
2017-11-02,750949166.609,24.650,16.023
2017-11-03,751481733.915,22.211,16.047
2017-11-04,751832794.294,20.125,16.062
2017-11-05,752058896.159,18.689,16.072
2017-11-06,752212810.932,17.860,16.079
2017-11-07,752286799.668,16.939,16.082
2017-11-08,752291649.880,16.139,16.082
2017-11-09,752331374.927,16.544,16.084
2017-11-10,752515806.409,18.227,16.092
2017-11-11,752742802.972,18.730,16.102
2017-11-12,752853108.856,17.384,16.107
2017-11-13,752907934.735,16.744,16.110
2017-11-14,752938684.136,16.467,16.111
2017-11-15,752887790.353,15.520,16.109
2017-11-16,752768113.736,14.718,16.103
2017-11-17,752523221.192,13.258,16.093
2017-11-18,752131458.972,11.541,16.075
2017-11-19,751641126.051,10.379,16.054
2017-11-20,751110825.924,9.893,16.030
2017-11-21,750650126.892,10.678,16.010
2017-11-22,750218951.097,11.001,15.991
2017-11-23,749709986.649,10.078,15.969
2017-11-24,749103802.037,8.926,15.942
2017-11-25,748444116.895,8.278,15.914
2017-11-26,747728830.392,7.604,15.883
2017-11-27,746950435.733,6.840,15.849
2017-11-28,746107543.358,6.057,15.813
2017-11-29,745218943.599,5.490,15.775
2017-11-30,744284881.552,4.924,15.735
2017-12-01,743311598.498,4.428,15.693
2017-12-02,742305748.420,4.009,15.651
2017-12-03,741277822.290,3.710,15.607
2017-12-04,740236008.006,3.505,15.564
2017-12-05,739152502.683,2.978,15.518
2017-12-06,738090071.560,3.177,15.474
2017-12-07,737368339.876,7.091,15.444
2017-12-08,736961701.677,10.721,15.427
2017-12-09,736940612.218,15.182,15.427
2017-12-10,737297261.941,19.569,15.441
2017-12-11,737521893.928,18.050,15.451
2017-12-12,737471694.029,14.867,15.449
2017-12-13,737221507.167,12.543,15.438
2017-12-14,736845006.247,11.065,15.423
2017-12-15,736372109.669,9.930,15.403
2017-12-16,735825651.639,9.056,15.381
2017-12-17,735225545.368,8.410,15.356
2017-12-18,734577412.823,7.828,15.330
2017-12-19,733869999.408,7.113,15.301
2017-12-20,733092729.967,6.273,15.269
2017-12-21,733258990.446,17.200,15.276
2017-12-22,734200299.459,26.209,15.314
2017-12-23,735029829.947,24.949,15.348
2017-12-24,735786639.033,24.139,15.379
2017-12-25,736663471.980,25.564,15.415
2017-12-26,737439173.501,24.425,15.447
2017-12-27,737970450.663,21.618,15.469
2017-12-28,738332012.860,19.669,15.484
2017-12-29,738534339.745,17.834,15.493
2017-12-30,738600048.345,16.256,15.495
2017-12-31,738553181.837,14.951,15.493
2018-01-01,738412041.005,13.854,15.487
2018-01-02,738183040.262,12.828,15.478
2018-01-03,737853707.398,11.653,15.464
2018-01-04,737455502.925,10.839,15.448
2018-01-05,736981754.649,9.945,15.428
2018-01-06,736429808.707,9.017,15.406
2018-01-07,735816027.346,8.276,15.380
2018-01-08,735141742.971,7.549,15.353
2018-01-09,734425942.336,7.039,15.324
2018-01-10,733701912.353,6.914,15.294
2018-01-11,732981915.386,6.932,15.265
2018-01-12,733162777.293,17.366,15.272
2018-01-13,734850968.798,34.880,15.341
2018-01-14,736987801.758,40.160,15.429
2018-01-15,738775110.040,36.189,15.503
2018-01-16,740374578.829,34.082,15.569
2018-01-17,741739706.890,31.427,15.627
2018-01-18,742908472.811,29.203,15.676
2018-01-19,743887461.972,27.049,15.718
2018-01-20,744690329.366,25.044,15.752
2018-01-21,745378728.601,23.749,15.781
2018-01-22,745965582.846,22.599,15.807
2018-01-23,746495628.393,21.964,15.829
2018-01-24,747199297.926,24.004,15.860
2018-01-25,748136653.945,26.749,15.900
2018-01-26,749082491.438,26.889,15.942
2018-01-27,749891607.324,25.342,15.977
2018-01-28,750580473.792,23.980,16.007
2018-01-29,751550206.403,27.273,16.050
2018-01-30,752811648.601,30.705,16.105
2018-01-31,754002080.665,29.936,16.158
2018-02-01,755008298.608,27.849,16.203
2018-02-02,755831539.739,25.768,16.240
2018-02-03,756484912.496,23.832,16.269
2018-02-04,757000767.036,22.263,16.293
2018-02-05,757969341.502,27.547,16.336
2018-02-06,759371866.436,32.633,16.400
2018-02-07,760684088.966,31.648,16.460
2018-02-08,762675885.611,39.605,16.552
2018-02-09,765403846.431,48.252,16.679
2018-02-10,767979258.281,46.608,16.800
2018-02-11,770651935.741,47.860,16.927
2018-02-12,773766064.164,65.330,29.287
2018-02-13,778293801.129,82.021,29.616
2018-02-14,782689493.862,80.812,29.936
2018-02-15,786659181.293,76.170,30.224
2018-02-16,790098179.787,70.278,30.474
2018-02-17,793049710.206,64.850,30.689
2018-02-18,795709057.565,61.662,30.882
2018-02-19,798165958.537,59.497,31.061
2018-02-20,800492657.894,58.160,31.230
2018-02-21,802777383.145,57.840,31.396
2018-02-22,805037413.895,57.718,31.561
2018-02-23,807309008.701,58.017,31.726
2018-02-24,809442053.895,56.569,31.881
2018-02-25,811324971.271,53.811,32.018
2018-02-26,813077638.228,52.431,32.145
2018-02-27,814959909.428,54.068,32.282
2018-02-28,816848461.255,54.278,32.419
2018-03-01,818914391.946,56.481,32.570
2018-03-02,821967934.390,68.133,32.792
2018-03-03,825636135.308,75.514,33.058
2018-03-04,828932843.200,71.454,33.298
2018-03-05,831706695.146,65.604,33.500
2018-03-06,834041990.359,60.698,33.669
2018-03-07,836362836.246,60.700,33.838
2018-03-08,838747250.131,61.609,34.012
2018-03-09,840888252.578,58.947,34.167
2018-03-10,842695380.576,55.214,34.299
2018-03-11,844253737.001,52.448,34.412
2018-03-12,845958331.227,54.265,34.536
2018-03-13,847969848.685,57.964,34.682
2018-03-14,849974123.987,58.025,34.828
2018-03-15,851710941.552,55.056,34.954
2018-03-16,853103683.251,51.175,35.055
2018-03-17,855335153.160,47.493,21.666
2018-03-18,857300819.421,44.543,21.792
2018-03-19,859042593.329,42.064,21.905
2018-03-20,860624096.699,40.312,22.008
2018-03-21,862373039.646,42.364,22.122
2018-03-22,864326644.708,44.862,22.250
2018-03-23,866217367.978,44.259,22.375
2018-03-24,867878836.103,41.716,22.486
2018-03-25,869317981.899,39.239,22.582
2018-03-26,870748161.481,39.231,22.678
2018-03-27,872276337.259,40.468,22.781
2018-03-28,873749131.837,39.926,22.880
2018-03-29,875049164.851,38.015,22.969
2018-03-30,876119519.895,35.430,23.041
2018-03-31,877256971.056,36.284,23.119
2018-04-01,878606650.579,38.833,23.212
2018-04-02,879957360.100,38.938,23.305
2018-04-03,881120027.036,36.842,23.385
2018-04-04,882058475.489,34.312,23.450
2018-04-05,882786938.210,31.932,23.501
2018-04-06,883341436.419,29.957,23.539
2018-04-07,883766257.165,28.486,23.569
2018-04-08,884130124.613,27.806,23.594
2018-04-09,884492909.629,27.818,23.619
2018-04-10,884847247.908,27.745,23.644
2018-04-11,885145275.267,27.114,23.665
2018-04-12,885311350.445,25.599,23.677
2018-04-13,885334346.359,23.945,23.678
2018-04-14,885219116.659,22.337,23.670
2018-04-15,884977647.518,20.859,23.653
2018-04-16,885564634.227,30.488,23.694
2018-04-17,887344295.953,44.417,23.819
2018-04-18,889153025.721,44.882,23.947
2018-04-19,890611747.021,40.934,24.051
2018-04-20,891723228.226,36.994,24.130
2018-04-21,892559417.091,33.867,24.189
2018-04-22,893171462.772,31.317,24.233
2018-04-23,893668082.150,30.017,24.269
2018-04-24,895127426.377,41.264,24.373
2018-04-25,897166234.737,61.856,38.259
2018-04-26,899836717.129,69.361,38.453
2018-04-27,902138156.899,65.257,38.620
2018-04-28,904022457.603,60.566,38.757
2018-04-29,905436714.328,55.229,38.860
2018-04-30,906459882.349,50.777,38.935
2018-05-01,908340434.525,47.106,25.341
2018-05-02,909936029.686,43.927,25.460
2018-05-03,911271828.601,41.020,25.560
2018-05-04,912369473.284,38.347,25.642
2018-05-05,913252865.066,35.933,25.709
2018-05-06,913956558.292,33.907,25.762
2018-05-07,914489927.269,31.976,25.802
2018-05-08,914849397.019,29.990,25.830
2018-05-09,915071822.816,28.421,25.847
2018-05-10,915181435.210,27.123,25.855
2018-05-11,915175981.257,25.791,25.854
2018-05-12,915050055.224,24.387,25.845
2018-05-13,914808989.789,23.037,25.827
2018-05-14,914451377.590,21.660,25.800
2018-05-15,913983003.058,20.343,25.764
2018-05-16,913482454.460,19.933,25.726
2018-05-17,913486112.401,25.769,25.727
2018-05-18,914021128.521,31.959,25.767
2018-05-19,915287434.826,40.519,25.863
2018-05-20,917020427.232,46.052,25.995
2018-05-21,918643474.463,44.904,26.119
2018-05-22,919922647.790,41.022,26.217
2018-05-23,920961590.394,38.321,26.296
2018-05-24,921911575.939,37.365,26.370
2018-05-25,922732411.934,35.933,26.433
2018-05-26,923764471.390,38.458,26.513
2018-05-27,925262123.895,43.963,26.629
2018-05-28,926997755.029,46.853,26.764
2018-05-29,928138122.852,53.709,40.511
2018-05-30,930715479.300,70.529,40.698
2018-05-31,934539181.406,85.232,40.976
2018-06-01,938640410.621,88.742,41.274
2018-06-02,942169783.829,82.380,41.531
2018-06-03,945117940.237,75.867,41.745
2018-06-04,947578275.405,70.400,41.924
2018-06-05,949606329.764,65.544,42.072
2018-06-06,951260963.284,61.343,42.192
2018-06-07,952584303.459,57.605,42.288
2018-06-08,953600355.789,54.122,42.362
2018-06-09,954339724.564,50.973,42.416
2018-06-10,955971884.651,48.001,29.110
2018-06-11,957360205.303,45.295,29.227
2018-06-12,958536490.407,42.940,29.326
2018-06-13,959570023.533,41.375,29.413
2018-06-14,960488438.849,40.120,29.491
2018-06-15,961228728.839,38.122,29.553
2018-06-16,961783828.031,36.025,29.601
2018-06-17,962173496.482,34.144,29.634
2018-06-18,962457519.305,32.945,29.658
2018-06-19,962683350.557,32.291,29.677
2018-06-20,962838420.295,31.485,29.690
2018-06-21,962872349.581,30.086,29.693
2018-06-22,962777720.478,28.590,29.685
2018-06-23,962595199.497,27.557,29.670
2018-06-24,962339244.676,26.685,29.648
2018-06-25,962001109.790,25.705,29.619
2018-06-26,961576047.779,24.663,29.583
2018-06-27,961070520.302,23.689,29.540
2018-06-28,960510607.673,23.012,29.493
2018-06-29,959924944.265,22.665,29.443
2018-06-30,959297508.101,22.128,29.390
2018-07-01,958596823.543,21.221,29.331
2018-07-02,957843216.886,20.545,29.267
2018-07-03,957115203.175,20.780,29.206
2018-07-04,956398315.877,20.849,29.146
2018-07-05,955640655.677,20.313,29.083
2018-07-06,954826412.805,19.590,29.014
2018-07-07,953989255.757,19.255,28.945
2018-07-08,953350922.297,21.503,28.891
2018-07-09,952854991.256,23.110,28.850
2018-07-10,952294329.833,22.314,28.803
2018-07-11,951596750.464,20.672,28.746
2018-07-12,950742294.043,18.785,28.675
2018-07-13,949711736.623,16.662,28.590
2018-07-14,948772423.679,17.640,28.512
2018-07-15,947813378.701,17.333,28.433
2018-07-16,946682649.764,15.253,28.340
2018-07-17,945580461.691,15.493,28.250
2018-07-18,944516375.130,15.847,28.163
2018-07-19,943325048.791,14.278,28.066
2018-07-20,942040565.396,13.095,27.962
2018-07-21,940677820.504,12.079,27.852
2018-07-22,939236929.079,11.058,27.735
2018-07-23,937752107.213,10.431,27.616
2018-07-24,936222064.484,9.785,27.494
2018-07-25,934696694.386,9.717,27.372
2018-07-26,933185325.965,9.759,27.252
2018-07-27,931676327.785,9.667,27.132
2018-07-28,930103516.645,8.804,27.008
2018-07-29,928455412.769,7.803,26.879
2018-07-30,926748368.464,6.988,26.745
2018-07-31,925109787.267,7.652,26.617
2018-08-01,924010276.078,13.806,26.532
2018-08-02,924001365.394,26.428,26.531
2018-08-03,924873895.551,36.698,26.599
2018-08-04,926160004.578,55.252,40.367
2018-08-05,928407511.852,66.543,40.530
2018-08-06,929934828.139,58.319,40.641
2018-08-07,930758383.872,50.233,40.701
2018-08-08,932289480.773,44.902,27.181
2018-08-09,933521522.716,41.538,27.278
2018-08-10,934535481.091,39.095,27.359
2018-08-11,935366829.049,37.047,27.425
2018-08-12,936064344.614,35.554,27.481
2018-08-13,936650261.622,34.309,27.528
2018-08-14,937106953.298,32.850,27.564
2018-08-15,937426947.768,31.294,27.590
2018-08-16,937594855.454,29.547,27.603
2018-08-17,937608985.545,27.768,27.605
2018-08-18,937473116.207,26.021,27.594
2018-08-19,937252315.546,25.020,27.576
2018-08-20,937046006.614,25.172,27.559
2018-08-21,936799962.399,24.692,27.540
2018-08-22,936537305.023,24.479,27.519
2018-08-23,936313793.327,24.914,27.501
2018-08-24,936030324.861,24.197,27.478
2018-08-25,935622909.955,22.730,27.446
2018-08-26,935079797.000,21.116,27.402
2018-08-27,934388401.343,19.345,27.347
2018-08-28,933559053.306,17.682,27.281
2018-08-29,932596377.927,16.063,27.205
2018-08-30,931524519.483,14.714,27.120
2018-08-31,930373820.658,13.711,27.029
2018-09-01,929130553.676,12.542,26.932
2018-09-02,927821515.360,11.678,26.829
2018-09-03,926418521.773,10.481,26.719
2018-09-04,924896304.713,8.982,26.601
2018-09-05,923296793.418,7.964,26.477
2018-09-06,921672714.792,7.554,26.351
2018-09-07,920028407.729,7.193,26.225
2018-09-08,918339377.126,6.546,26.095
2018-09-09,916602868.321,5.864,25.963
2018-09-10,914844863.587,5.482,25.829
2018-09-11,913159875.878,6.200,25.702
2018-09-12,911742371.694,9.189,25.595
2018-09-13,910568788.638,11.924,25.507
2018-09-14,909318502.428,10.943,25.414
2018-09-15,907916786.221,9.086,25.309
2018-09-16,906434982.587,8.049,25.199
2018-09-17,905729559.914,16.982,25.147
2018-09-18,905477138.467,22.207,25.128
2018-09-19,904912263.057,18.549,25.086
2018-09-20,904058196.731,15.138,25.023
2018-09-21,903015459.049,12.878,24.947
2018-09-22,901848108.282,11.350,24.861
2018-09-23,900595281.374,10.269,24.770
2018-09-24,899294115.661,9.615,24.675
2018-09-25,898028996.933,9.940,24.583
2018-09-26,896957379.338,12.102,24.505
2018-09-27,895990718.520,13.247,24.436
2018-09-28,895407639.233,17.645,24.394
2018-09-29,895356823.454,23.802,24.390
2018-09-30,895300362.557,23.732,24.386
2018-10-01,895102485.125,22.081,24.372
2018-10-02,894708730.472,19.786,24.343
2018-10-03,894125222.945,17.548,24.301
2018-10-04,893378944.194,15.610,24.248
2018-10-05,892486846.436,13.859,24.184
2018-10-06,891479416.711,12.452,24.112
2018-10-07,890391948.184,11.448,24.035
2018-10-08,889240742.906,10.629,23.953
2018-10-09,888059192.984,10.194,23.870
2018-10-10,886875506.157,10.086,23.786
2018-10-11,886439107.345,18.705,23.756
2018-10-12,887295433.009,33.727,23.816
2018-10-13,888499732.948,37.840,23.901
2018-10-14,889290392.363,33.108,23.957
2018-10-15,889814058.972,30.055,23.994
2018-10-16,890108568.128,27.424,24.015
2018-10-17,890216336.926,25.270,24.022
2018-10-18,890196330.468,23.790,24.021
2018-10-19,890046012.472,22.271,24.010
2018-10-20,889766545.108,20.756,23.991
2018-10-21,889395896.145,19.674,23.964
2018-10-22,888924243.339,18.472,23.931
2018-10-23,888337381.811,17.097,23.889
2018-10-24,887679877.693,16.233,23.843
2018-10-25,886907279.109,14.847,23.789
2018-10-26,886051100.289,13.819,23.729
2018-10-27,886120870.684,24.541,23.733
2018-10-28,886772848.396,31.325,23.779
2018-10-29,887140667.824,28.062,23.805
2018-10-30,887129243.427,23.672,23.804
2018-10-31,886885046.798,20.961,23.787
2018-11-01,886467870.248,18.929,23.758
2018-11-02,886102632.173,19.505,23.732
2018-11-03,886082622.914,23.499,23.731
2018-11-04,886211356.985,25.230,23.740
2018-11-05,886172374.476,23.286,23.737
2018-11-06,886073004.641,22.580,23.730
2018-11-07,886432699.749,27.919,23.755
2018-11-08,887121963.132,31.781,23.804
2018-11-09,887633697.614,29.763,23.840
2018-11-10,888423475.032,33.036,23.896
2018-11-11,889464888.441,36.023,23.969
2018-11-12,890337298.491,34.128,24.031
2018-11-13,891732735.242,40.281,24.130
2018-11-14,892989920.795,52.506,37.955
2018-11-15,894498789.325,55.529,38.065
2018-11-16,896304632.436,59.097,38.196
2018-11-17,898266656.564,61.047,38.339
2018-11-18,899788048.201,56.058,38.450
2018-11-19,900844760.895,50.757,38.526
2018-11-20,902721040.221,46.641,24.925
2018-11-21,904301661.976,43.336,25.041
2018-11-22,905638513.725,40.613,25.140
2018-11-23,906763028.576,38.239,25.223
2018-11-24,907698509.962,36.120,25.293
2018-11-25,908857059.456,38.788,25.379
2018-11-26,910356322.243,42.844,25.491
2018-11-27,911794628.550,42.246,25.599
2018-11-28,913009413.021,39.751,25.691
2018-11-29,914009690.097,37.343,25.766
2018-11-30,914802846.949,35.006,25.826
2018-12-01,915426093.678,33.087,25.873
2018-12-02,916304280.067,36.104,25.940
2018-12-03,917701810.775,42.222,26.047
2018-12-04,919267438.810,44.287,26.166
2018-12-05,920647176.414,42.241,26.272
2018-12-06,921749124.802,39.111,26.357
2018-12-07,922589173.615,36.145,26.422
2018-12-08,923216306.959,33.729,26.470
2018-12-09,923994236.996,35.535,26.531
2018-12-10,925892527.924,48.649,26.678
2018-12-11,927533262.039,59.457,40.467
2018-12-12,928915874.159,56.570,40.567
2018-12-13,929756866.752,50.362,40.628
2018-12-14,931343527.516,45.470,27.106
2018-12-15,932902362.601,45.271,27.229
2018-12-16,933964279.923,53.225,40.934
2018-12-17,935544399.998,59.338,41.049
2018-12-18,937003698.436,58.045,41.155
2018-12-19,938143337.808,54.428,41.238
2018-12-20,938996730.001,51.177,41.300
2018-12-21,940250632.398,55.904,41.391
2018-12-22,942782564.921,70.880,41.575
2018-12-23,945988444.735,78.914,41.809
2018-12-24,948878856.723,75.472,42.019
2018-12-25,951277188.640,69.951,42.193
2018-12-26,953199434.329,64.581,42.333
2018-12-27,954725170.637,60.103,42.444
2018-12-28,956005557.659,57.356,42.537
2018-12-29,958212871.255,68.245,42.697
2018-12-30,961559282.323,81.672,42.941
2018-12-31,964808653.560,80.785,43.177
2019-01-01,967814674.587,78.187,43.395
2019-01-02,970681347.789,76.783,43.604
2019-01-03,973295640.313,74.052,43.794
2019-01-04,975844045.725,73.475,43.979
2019-01-05,979298892.086,84.217,44.230
2019-01-06,983364165.978,91.578,44.526
2019-01-07,987036183.808,87.293,44.793
2019-01-08,990119783.619,80.707,45.017
2019-01-09,992691396.931,74.968,45.204
2019-01-10,994833692.443,70.155,45.360
2019-01-11,996577546.814,65.670,45.487
2019-01-12,997978869.813,61.807,45.588
2019-01-13,999141098.088,59.125,45.673
2019-01-14,1000431945.609,60.707,45.767
2019-01-15,1001850111.476,62.284,45.870
2019-01-16,1003049769.894,59.842,45.957
2019-01-17,1003910251.161,55.979,46.020
2019-01-18,1004518442.813,53.103,46.064
2019-01-19,1004912024.173,50.648,46.093
2019-01-20,1005512159.168,53.082,46.136
2019-01-21,1006779892.207,60.901,46.228
2019-01-22,1008378414.482,64.846,46.345
2019-01-23,1009788058.713,62.762,46.447
2019-01-24,1011005985.697,60.632,46.536
2019-01-25,1013079990.584,70.691,46.686
2019-01-26,1016022519.620,80.957,46.900
2019-01-27,1018824234.004,79.531,47.104
2019-01-28,1021155372.011,74.254,47.274
2019-01-29,1023001544.542,68.775,47.408
2019-01-30,1024471447.699,64.527,47.515
2019-01-31,1025662709.909,61.389,47.601
2019-02-01,1026550556.826,57.942,47.666
2019-02-02,1027117675.496,54.271,47.707
2019-02-03,1027394101.573,50.926,47.727
2019-02-04,1028452374.645,47.946,35.697
2019-02-05,1029285464.233,45.421,35.779
2019-02-06,1029927741.774,43.276,35.842
2019-02-07,1030417150.492,41.554,35.890
2019-02-08,1030777104.533,40.092,35.925
2019-02-09,1030972455.140,38.206,35.945
2019-02-10,1031016695.899,36.461,35.949
2019-02-11,1030935397.928,35.000,35.941
2019-02-12,1030789915.339,34.243,35.927
2019-02-13,1031162419.705,40.275,35.963
2019-02-14,1032179100.755,47.831,36.064
2019-02-15,1033189377.779,47.856,36.163
2019-02-16,1033958073.040,45.136,36.240
2019-02-17,1034698901.140,44.887,36.313
2019-02-18,1035669023.711,47.638,36.409
2019-02-19,1035806336.009,49.928,48.339
2019-02-20,1036371922.644,54.926,48.380
2019-02-21,1037642844.095,63.182,48.472
2019-02-22,1039409730.762,69.051,48.601
2019-02-23,1041607941.663,74.203,48.761
2019-02-24,1044152829.530,78.478,49.023
2019-02-25,1046750097.884,79.409,49.349
2019-02-26,1049153305.037,77.404,49.589
2019-02-27,1051214375.611,73.544,49.689
2019-02-28,1052924085.964,69.475,49.687
2019-03-01,1054432616.610,67.160,49.700
2019-03-02,1055907930.393,66.868,49.792
2019-03-03,1057221312.713,64.976,49.775
2019-03-04,1058703964.118,67.174,50.014
2019-03-05,1060387429.879,69.812,50.328
2019-03-06,1061865244.229,67.365,50.261
2019-03-07,1063003578.019,63.175,50.000
2019-03-08,1063796215.993,58.850,49.676
2019-03-09,1064309875.834,55.335,49.390
2019-03-10,1064839189.720,55.549,49.422
2019-03-11,1065513897.220,57.422,49.613
2019-03-12,1066151593.382,56.973,49.592
2019-03-13,1066606287.634,54.645,49.383
2019-03-14,1066789767.358,51.174,49.051
2019-03-15,1067530417.219,48.248,39.676
2019-03-16,1067688319.986,50.855,49.027
2019-03-17,1068203400.566,55.465,49.504
2019-03-18,1068662929.619,54.761,49.442
2019-03-19,1068854849.026,51.305,49.084
2019-03-20,1069525595.099,47.650,39.887
2019-03-21,1069917299.392,44.462,39.928
2019-03-22,1070063359.746,41.634,39.944
2019-03-23,1069986615.690,39.047,39.936
2019-03-24,1069708448.489,36.687,39.906
2019-03-25,1069246960.402,34.516,39.857
2019-03-26,1068645436.517,32.831,39.794
2019-03-27,1067983864.093,32.066,39.724
2019-03-28,1067257290.509,31.237,39.647
2019-03-29,1066406419.595,29.709,39.557
2019-03-30,1065411715.893,27.939,39.452
2019-03-31,1064273505.701,26.159,39.333
2019-04-01,1063001394.466,24.476,39.199
2019-04-02,1061619329.821,23.058,39.055
2019-04-03,1060159189.968,22.003,38.902
2019-04-04,1058611657.666,20.830,38.741
2019-04-05,1056963911.999,19.499,38.570
2019-04-06,1055533415.263,21.866,38.422
2019-04-07,1054395315.638,25.133,38.305
2019-04-08,1053286091.056,25.352,38.191
2019-04-09,1052359568.465,27.372,38.096
2019-04-10,1051719048.809,30.616,38.030
2019-04-11,1051153041.116,31.421,37.972
2019-04-12,1050527189.914,30.664,37.908
2019-04-13,1049847048.167,29.966,37.838
2019-04-14,1049213766.723,30.444,37.774
2019-04-15,1049080841.764,36.221,37.760
2019-04-16,1049703136.968,45.026,37.824
2019-04-17,1050314709.469,44.964,37.886
2019-04-18,1050644742.277,41.740,37.920
2019-04-19,1050685467.489,38.395,37.924
2019-04-20,1051229464.055,44.276,37.980
2019-04-21,1051641747.835,53.776,49.004
2019-04-22,1052035849.855,53.565,49.004
2019-04-23,1052114590.660,49.771,48.860
2019-04-24,1052758948.091,45.594,38.137
2019-04-25,1053092774.450,42.035,38.171
2019-04-26,1053182886.695,39.223,38.180
2019-04-27,1053065206.884,36.806,38.168
2019-04-28,1052766578.816,34.681,38.137
2019-04-29,1052328500.440,33.022,38.092
2019-04-30,1051744425.713,31.272,38.032
2019-05-01,1051008247.088,29.436,37.957
2019-05-02,1050126391.677,27.660,37.867
2019-05-03,1049110208.492,26.002,37.763
2019-05-04,1047969279.162,24.442,37.647
2019-05-05,1046800370.530,23.999,37.528
2019-05-06,1045957710.300,27.689,37.442
2019-05-07,1045441214.498,31.412,37.390
2019-05-08,1044911228.561,31.202,37.336
2019-05-09,1044212140.754,29.174,37.266
2019-05-10,1043331117.522,26.980,37.177
2019-05-11,1042304705.145,25.193,37.073
2019-05-12,1041449549.314,27.090,36.987
2019-05-13,1041255132.298,34.717,36.968
2019-05-14,1041485873.131,39.661,36.991
2019-05-15,1041534578.097,37.559,36.996
2019-05-16,1041285277.273,34.085,36.971
2019-05-17,1040774590.062,31.009,36.919
2019-05-18,1040042960.544,28.378,36.846
2019-05-19,1039132970.670,26.223,36.755
2019-05-20,1038075668.340,24.412,36.649
2019-05-21,1036889827.293,22.806,36.531
2019-05-22,1035587868.794,21.332,36.401
2019-05-23,1034179256.911,19.958,36.261
2019-05-24,1032666488.838,18.603,36.112
2019-05-25,1031031497.417,17.027,35.951
2019-05-26,1029299879.493,15.738,35.780
2019-05-27,1027463638.174,14.348,35.600
2019-05-28,1025535824.972,13.100,35.412
2019-05-29,1023500679.172,11.659,35.214
2019-05-30,1021360553.333,10.237,35.007
2019-05-31,1019122276.522,8.886,34.792
2019-06-01,1016782773.357,7.490,34.567
2019-06-02,1014390486.915,6.650,34.339
2019-06-03,1011960804.330,5.987,34.108
2019-06-04,1009466407.092,5.002,33.872
2019-06-05,1006929192.921,4.268,33.634
2019-06-06,1004422362.099,4.385,33.399
2019-06-07,1002099599.401,6.299,33.183
2019-06-08,1000278648.864,11.939,33.015
2019-06-09,999225360.039,20.727,32.917
2019-06-10,998846504.003,28.497,32.882
2019-06-11,998569695.636,29.653,32.857
2019-06-12,998105017.840,27.436,32.814
2019-06-13,997284582.732,23.243,32.739
2019-06-14,996180411.743,19.858,32.637
2019-06-15,994808174.841,16.629,32.512
2019-06-16,993292152.425,14.827,32.373
2019-06-17,991667150.162,13.418,32.226
2019-06-18,989941924.484,12.101,32.069
2019-06-19,988334471.707,13.319,31.924
2019-06-20,986926506.871,15.502,31.798
2019-06-21,985483990.233,14.972,31.668
2019-06-22,983884244.806,13.010,31.525
2019-06-23,982211029.580,12.010,31.376
2019-06-24,980551328.197,12.019,31.229
2019-06-25,978925759.858,12.271,31.085
2019-06-26,977345272.969,12.653,30.946
2019-06-27,975736427.298,12.184,30.804
2019-06-28,974026690.434,10.866,30.655
2019-06-29,972222718.165,9.618,30.498
2019-06-30,970356473.048,8.736,30.336
2019-07-01,968428804.881,7.858,30.169
2019-07-02,966461505.962,7.230,30.000
2019-07-03,964461946.235,6.686,29.829
2019-07-04,962453928.725,6.417,29.657
2019-07-05,960428049.163,6.038,29.486
2019-07-06,958383878.941,5.654,29.313
2019-07-07,956564621.705,8.104,29.160
2019-07-08,954980667.772,10.694,29.027
2019-07-09,953326572.518,9.745,28.889
2019-07-10,951687680.517,9.784,28.753
2019-07-11,950036076.431,9.501,28.616
2019-07-12,948331694.080,8.749,28.476
2019-07-13,946588247.262,8.154,28.333
2019-07-14,945034172.994,10.219,28.205
2019-07-15,943711343.426,12.787,28.098
2019-07-16,942284414.554,11.466,27.982
2019-07-17,940692348.173,9.426,27.853
2019-07-18,939020105.585,8.363,27.718
2019-07-19,937297683.657,7.644,27.580
2019-07-20,935506446.985,6.704,27.436
2019-07-21,933669450.458,6.029,27.290
2019-07-22,931810033.686,5.622,27.143
2019-07-23,929925113.288,5.178,26.994
2019-07-24,928087435.106,5.580,26.850
2019-07-25,926299848.990,6.020,26.710
2019-07-26,924450597.797,5.163,26.566
2019-07-27,922558076.652,4.515,26.420
2019-07-28,920630718.222,3.964,26.271
2019-07-29,918681201.792,3.558,26.121
2019-07-30,916703138.271,3.076,25.970
2019-07-31,914695667.491,2.583,25.818
2019-08-01,912664961.430,2.161,25.665
2019-08-02,910619303.829,1.834,25.511
2019-08-03,908613221.230,2.142,25.361
2019-08-04,906706108.045,3.146,25.219
2019-08-05,905036066.763,5.766,25.096
2019-08-06,903621738.911,8.622,24.991
2019-08-07,902214803.834,8.604,24.888
2019-08-08,900663988.924,6.825,24.775
2019-08-09,898988001.486,5.254,24.652
2019-08-10,897220962.552,4.072,24.524
2019-08-11,895420829.587,3.560,24.394
2019-08-12,893621816.014,3.443,24.265
2019-08-13,891803855.449,3.094,24.135
2019-08-14,889973002.867,2.815,24.005
2019-08-15,888129322.416,2.536,23.875
2019-08-16,886309748.015,2.687,23.747
2019-08-17,884485409.813,2.504,23.619
2019-08-18,882637367.152,2.101,23.490
2019-08-19,880776373.425,1.822,23.361
2019-08-20,878973327.677,2.368,23.237
2019-08-21,877354896.764,4.394,23.126
2019-08-22,875830302.348,5.376,23.022
2019-08-23,874216666.740,4.236,22.912
2019-08-24,872535260.754,3.337,22.798
2019-08-25,870852528.508,3.209,22.685
2019-08-26,869209011.193,3.552,22.575
2019-08-27,867588714.360,3.713,22.467
2019-08-28,866299585.740,7.460,22.381
2019-08-29,865249312.319,10.155,22.311
2019-08-30,863913165.075,6.759,22.223
2019-08-31,862421020.654,4.855,22.125
2019-09-01,860830492.937,3.612,22.021
2019-09-02,859175900.695,2.763,21.913
2019-09-03,857487864.803,2.267,21.804
2019-09-04,855770569.312,1.817,21.693
2019-09-05,854030787.487,1.446,21.582
2019-09-06,852272204.907,1.116,21.470
2019-09-07,850503310.383,0.884,21.358
2019-09-08,848723641.554,0.647,21.245
2019-09-09,846938826.558,0.476,21.133
2019-09-10,845153516.726,0.359,21.022
2019-09-11,843369248.797,0.260,20.911
2019-09-12,841587731.622,0.182,20.802
2019-09-13,839811053.453,0.129,20.693
2019-09-14,838040473.665,0.092,20.585
2019-09-15,836277879.085,0.077,20.478
2019-09-16,834527207.859,0.110,20.372
2019-09-17,832789611.202,0.157,20.268
2019-09-18,831060055.507,0.147,20.165
2019-09-19,829338206.028,0.134,20.063
2019-09-20,827626308.674,0.148,19.962
2019-09-21,825922159.826,0.138,19.862
2019-09-22,824222804.488,0.094,19.763
2019-09-23,822529240.811,0.063,19.665
2019-09-24,820843314.379,0.054,19.567
2019-09-25,819165577.127,0.053,19.471
2019-09-26,817495976.812,0.052,19.376
2019-09-27,815834449.533,0.051,19.282
2019-09-28,814180930.859,0.051,19.189
2019-09-29,812535347.026,0.050,19.097
2019-09-30,810897636.080,0.050,19.005
2019-10-01,809267709.199,0.050,18.915
2019-10-02,807645241.076,0.047,18.826
2019-10-03,806030176.500,0.044,18.737
2019-10-04,804422591.091,0.043,18.650
2019-10-05,802822448.129,0.043,18.563
2019-10-06,801236034.729,0.116,18.478
2019-10-07,799657983.805,0.129,18.393
2019-10-08,798087797.601,0.136,18.310
2019-10-09,796542759.675,0.345,18.228
2019-10-10,795072946.157,1.139,18.150
2019-10-11,793621211.708,1.272,18.074
2019-10-12,792138353.128,0.835,17.997
2019-10-13,790627894.227,0.437,17.919
2019-10-14,789269386.396,2.126,17.849
2019-10-15,788127818.941,4.578,17.791
2019-10-16,786914031.307,3.680,17.729
2019-10-17,785600350.009,2.457,17.662
2019-10-18,784216249.886,1.572,17.592
2019-10-19,782793737.278,1.056,17.521
2019-10-20,781658758.984,4.328,17.464
2019-10-21,781534043.788,16.014,17.458
2019-10-22,781713701.876,19.546,17.467
2019-10-23,781573119.450,15.832,17.460
2019-10-24,781220853.140,13.365,17.442
2019-10-25,780619522.546,10.452,17.412
2019-10-26,779894726.346,8.987,17.376
2019-10-27,779346057.748,10.999,17.349
2019-10-28,779417892.194,18.184,17.353
2019-10-29,779716322.184,20.821,17.367
2019-10-30,779739744.459,17.640,17.369
2019-10-31,780391621.501,24.946,17.401
2019-11-01,782693309.266,44.156,17.516
2019-11-02,784484078.663,50.793,30.066
2019-11-03,786463270.030,40.613,17.706
2019-11-04,787866054.663,34.013,17.777
2019-11-05,788896434.353,29.756,17.830
2019-11-06,789685384.509,27.002,17.871
2019-11-07,790264054.412,24.598,17.900
2019-11-08,790685489.873,22.800,17.922
2019-11-09,791083444.987,22.549,17.943
2019-11-10,791469762.775,22.434,17.963
2019-11-11,791795051.443,21.744,17.979
2019-11-12,791987733.914,20.220,17.989
2019-11-13,792299984.404,21.620,18.006
2019-11-14,792726578.578,22.965,18.028
2019-11-15,793034310.523,21.606,18.044
2019-11-16,793262606.592,20.698,18.056
2019-11-17,793391927.699,19.559,18.063
2019-11-18,793379419.094,17.917,18.062
2019-11-19,793308073.867,17.232,18.058
2019-11-20,793180108.195,16.570,18.051
2019-11-21,792917546.640,14.999,18.038
2019-11-22,792523123.225,13.452,18.017
2019-11-23,792025748.546,12.235,17.991
2019-11-24,792740777.131,26.304,18.029
2019-11-25,794198607.278,34.978,18.105
2019-11-26,795384658.971,31.894,18.167
2019-11-27,796208714.947,27.748,18.210
2019-11-28,796833991.095,25.480,18.243
2019-11-29,797356689.869,24.321,18.271
2019-11-30,797733875.758,22.656,18.291
2019-12-01,797964688.113,20.974,18.303
2019-12-02,798289285.228,22.077,18.320
2019-12-03,798727542.129,23.416,18.344
2019-12-04,799111398.785,22.807,18.364
2019-12-05,799343152.567,21.059,18.376
2019-12-06,799406162.007,19.109,18.380
2019-12-07,799351581.922,17.745,18.377
2019-12-08,799203034.699,16.650,18.369
2019-12-09,798924312.397,15.128,18.354
2019-12-10,798801295.576,16.924,18.348
2019-12-11,799062198.165,21.381,18.361
2019-12-12,799422392.028,22.549,18.381
2019-12-13,799587390.882,20.299,18.389
2019-12-14,800327180.651,26.991,18.429
2019-12-15,801420337.593,31.140,18.488
2019-12-16,802491553.200,30.944,18.545
2019-12-17,803327472.060,28.265,18.590
2019-12-18,804602809.843,33.420,18.659
2019-12-19,806203451.144,37.273,18.747
2019-12-20,807496163.048,33.779,18.817
2019-12-21,808688376.122,32.682,18.883
2019-12-22,809742804.407,31.145,18.941
2019-12-23,810782404.417,31.031,18.999
2019-12-24,812799344.472,42.456,19.111
2019-12-25,814406744.265,50.846,32.242
2019-12-26,816861554.207,47.752,19.340
2019-12-27,818908763.439,43.151,19.457
2019-12-28,820603344.131,39.167,19.554
2019-12-29,822018492.306,36.014,19.635
2019-12-30,823489764.552,36.749,19.720
2019-12-31,825195551.557,39.562,19.819
