FFf: 0.72698057
FFn: 0.49319622
QQf: 0.9830458
QQn: 0.21631226
alpha: 0.5184791
k: 4.265919
