FFf: 0.86697716
FFn: 0.63573545
QQf: 0.9629986
QQn: 0.056020062
alpha: 0.95507884
k: 2.4943187
