FFf: 0.68794125
FFn: 0.66547966
QQf: 0.8619431
QQn: 0.046703625
alpha: 0.90883
k: 1.4175184
