FFf: 0.79891276
FFn: 0.48453802
QQf: 0.9855105
QQn: 0.030801164
alpha: 0.90735084
k: 1.8339812
