FFf: 0.7990171
FFn: 0.41862226
QQf: 0.96480155
QQn: 0.4120725
alpha: 0.10219565
k: 4.1094007
