FFf: 0.82239383
FFn: 0.23971243
QQf: 0.9546493
QQn: 0.44324803
alpha: 0.32831845
k: 4.5991445
