FFf: 0.95806915
FFn: 0.3045273
QQf: 0.90504175
QQn: 0.07670369
alpha: 0.036881804
k: 1.1503536
