FFf: 0.96919864
FFn: 0.5567383
QQf: 0.6455285
QQn: 0.044351067
alpha: 0.81750983
k: 1.0904385
