FFf: 0.9454864
FFn: 0.40897402
QQf: 0.97158337
QQn: 0.2103143
alpha: 0.029321257
k: 2.2462606
