FFf: 0.6927784
FFn: 0.5012132
QQf: 0.9878231
QQn: 0.20264606
alpha: 0.43925884
k: 3.2963252
