FFf: 0.8726449
FFn: 0.64491963
QQf: 0.9660224
QQn: 0.12977372
alpha: 0.2301192
k: 2.743689
