FFf: 0.9527618
FFn: 0.23993684
QQf: 0.9203149
QQn: 0.38629445
alpha: 0.11809045
k: 1.7670563
