FFf: 0.9355305
FFn: 0.59342843
QQf: 0.98018986
QQn: 0.2572473
alpha: 0.8685764
k: 3.0809066
