FFf: 0.82250905
FFn: 0.43048164
QQf: 0.9684663
QQn: 0.49241033
alpha: 0.3588863
k: 1.1216085
