FFf: 0.95874554
FFn: 0.53996104
QQf: 0.9620801
QQn: 0.05600692
alpha: 0.012718963
k: 3.1421323
