FFf: 0.9103989
FFn: 0.2547808
QQf: 0.9493689
QQn: 0.055449016
alpha: 0.15495197
k: 2.057961
