FFf: 0.9180652
FFn: 0.4466216
QQf: 0.5016761
QQn: 0.2574082
alpha: 0.6842728
k: 2.920942
