FFf: 0.9376547
FFn: 0.43915194
QQf: 0.975545
QQn: 0.29079843
alpha: 0.050557435
k: 1.6675768
