FFf: 0.9639639
FFn: 0.246519
QQf: 0.8958431
QQn: 0.06651525
alpha: 0.38753211
k: 2.8211446
