FFf: 0.72314227
FFn: 0.504184
QQf: 0.98832524
QQn: 0.1715642
alpha: 0.7402191
k: 2.6570172
