FFf: 0.84090143
FFn: 0.2627701
QQf: 0.9822782
QQn: 0.1423126
alpha: 0.66785175
k: 3.2916038
