FFf: 0.94281095
FFn: 0.24564154
QQf: 0.94410545
QQn: 0.07274999
alpha: 0.24513978
k: 4.3308697
