FFf: 0.9477034
FFn: 0.5698774
QQf: 0.93403226
QQn: 0.33340958
alpha: 0.35200867
k: 1.4039702
