FFf: 0.7465352
FFn: 0.40497884
QQf: 0.9840374
QQn: 0.40112555
alpha: 0.50066006
k: 4.7138333
