FFf: 0.92614174
FFn: 0.3661079
QQf: 0.73755985
QQn: 0.3118059
alpha: 0.77623385
k: 1.0380133
