FFf: 0.70524114
FFn: 0.581571
QQf: 0.93035907
QQn: 0.17181565
alpha: 0.5851294
k: 3.5182335
