FFf: 0.71891546
FFn: 0.51435643
QQf: 0.960946
QQn: 0.061554287
alpha: 0.895821
k: 2.3989034
