FFf: 0.9237745
FFn: 0.24578731
QQf: 0.7916858
QQn: 0.15354052
alpha: 0.09690248
k: 3.2067077
