FFf: 0.95659316
FFn: 0.26738724
QQf: 0.70001394
QQn: 0.49901953
alpha: 0.034253445
k: 2.5515592
