FFf: 0.68483424
FFn: 0.5970785
QQf: 0.96566296
QQn: 0.032124463
alpha: 0.985483
k: 2.0629258
