FFf: 0.96337914
FFn: 0.6381406
QQf: 0.86540055
QQn: 0.11829773
alpha: 0.57034653
k: 1.1539291
