FFf: 0.8548823
FFn: 0.29189447
QQf: 0.9884633
QQn: 0.33020923
alpha: 0.26681343
k: 2.8054345
