FFf: 0.9024305
FFn: 0.22734253
QQf: 0.93354243
QQn: 0.370295
alpha: 0.095696576
k: 1.2823883
