FFf: 0.7297869
FFn: 0.31501865
QQf: 0.9674496
QQn: 0.16594124
alpha: 0.049376182
k: 1.9991593
