FFf: 0.965899
FFn: 0.28116748
QQf: 0.57192045
QQn: 0.25228438
alpha: 0.2798985
k: 2.2804458
