FFf: 0.6714761
FFn: 0.46314615
QQf: 0.5412622
QQn: 0.048388395
alpha: 0.68560815
k: 1.4771117
