FFf: 0.92963326
FFn: 0.31574643
QQf: 0.98003006
QQn: 0.2751584
alpha: 0.003578111
k: 4.129999
