FFf: 0.96435034
FFn: 0.39287898
QQf: 0.52015066
QQn: 0.41301012
alpha: 0.9490474
k: 3.3029747
