FFf: 0.9668907
FFn: 0.5780596
QQf: 0.9839578
QQn: 0.00787073
alpha: 0.050907366
k: 1.1328329
