FFf: 0.959124
FFn: 0.3892979
QQf: 0.9768325
QQn: 0.3092225
alpha: 0.52051413
k: 4.9632835
