FFf: 0.960806
FFn: 0.43067852
QQf: 0.75026554
QQn: 0.24126612
alpha: 0.45072696
k: 1.0334605
