FFf: 0.9429497
FFn: 0.31164274
QQf: 0.9630425
QQn: 0.15662774
alpha: 0.20703623
k: 2.6277008
