FFf: 0.92149687
FFn: 0.6461975
QQf: 0.9640191
QQn: 0.43848598
alpha: 0.5151799
k: 3.6982205
