FFf: 0.87315875
FFn: 0.23915266
QQf: 0.94506073
QQn: 0.32652068
alpha: 0.091238014
k: 2.7496996
