FFf: 0.7874232
FFn: 0.57060874
QQf: 0.9665538
QQn: 0.23757648
alpha: 0.94919753
k: 1.3831204
