FFf: 0.9448858
FFn: 0.6435869
QQf: 0.7891304
QQn: 0.059136968
alpha: 0.99862
k: 3.949193
