FFf: 0.71195793
FFn: 0.3540324
QQf: 0.96541584
QQn: 0.43888873
alpha: 0.31686682
k: 3.82432
