FFf: 0.67208236
FFn: 0.63444984
QQf: 0.8359821
QQn: 0.48256052
alpha: 0.40146765
k: 3.6865568
