FFf: 0.750386
FFn: 0.6501317
QQf: 0.663821
QQn: 0.16912594
alpha: 0.42471027
k: 1.018734
