FFf: 0.9349559
FFn: 0.39083552
QQf: 0.98427683
QQn: 0.06611183
alpha: 0.5398919
k: 4.6128917
