FFf: 0.9688631
FFn: 0.21465932
QQf: 0.5185678
QQn: 0.2892818
alpha: 0.95952255
k: 1.8921072
