FFf: 0.84619546
FFn: 0.5238487
QQf: 0.98582184
QQn: 0.4953306
alpha: 0.47001624
k: 4.604138
