FFf: 0.91546035
FFn: 0.28842345
QQf: 0.82527673
QQn: 0.22662291
alpha: 0.054710314
k: 1.1667306
