FFf: 0.7174785
FFn: 0.63925815
QQf: 0.9879338
QQn: 0.20265467
alpha: 0.5431249
k: 3.127268
