FFf: 0.7014627
FFn: 0.37469667
QQf: 0.9769446
QQn: 0.023273757
alpha: 0.5967538
k: 2.87217
