FFf: 0.71735954
FFn: 0.45470345
QQf: 0.98793656
QQn: 0.16690612
alpha: 0.66368693
k: 2.779068
