FFf: 0.69572103
FFn: 0.38059348
QQf: 0.5157299
QQn: 0.097815536
alpha: 0.8169745
k: 1.1468878
