FFf: 0.95829856
FFn: 0.49723738
QQf: 0.5189636
QQn: 0.3132581
alpha: 0.93034977
k: 3.7375336
