FFf: 0.9401177
FFn: 0.46260756
QQf: 0.94247633
QQn: 0.4931653
alpha: 0.64938974
k: 4.652074
