FFf: 0.84600985
FFn: 0.31646135
QQf: 0.9615335
QQn: 0.011965585
alpha: 0.9472944
k: 1.5845982
