FFf: 0.89812857
FFn: 0.26376948
QQf: 0.9823857
QQn: 0.28069478
alpha: 0.23453477
k: 1.928666
