FFf: 0.93408155
FFn: 0.5473632
QQf: 0.9571255
QQn: 0.20199437
alpha: 0.25203976
k: 4.9798303
