FFf: 0.7061179
FFn: 0.61794263
QQf: 0.9844943
QQn: 0.16363604
alpha: 0.86850554
k: 3.4531326
