FFf: 0.96308553
FFn: 0.43074268
QQf: 0.9785607
QQn: 0.30485526
alpha: 0.23571847
k: 1.3353251
