FFf: 0.9131411
FFn: 0.6069907
QQf: 0.74634176
QQn: 0.21223244
alpha: 0.995673
k: 1.9742563
