FFf: 0.9684196
FFn: 0.45868686
QQf: 0.803503
QQn: 0.1285059
alpha: 0.9853246
k: 4.553814
