FFf: 0.838071
FFn: 0.25350428
QQf: 0.9871088
QQn: 0.06827588
alpha: 0.13714755
k: 4.5458612
