FFf: 0.77592564
FFn: 0.32463524
QQf: 0.98080313
QQn: 0.27962172
alpha: 0.13642445
k: 4.039625
