FFf: 0.72403574
FFn: 0.37004223
QQf: 0.988296
QQn: 0.40729412
alpha: 0.8427715
k: 2.4065287
