FFf: 0.884743
FFn: 0.26850653
QQf: 0.6267154
QQn: 0.26732707
alpha: 0.9260062
k: 1.8599274
