FFf: 0.84833103
FFn: 0.6073328
QQf: 0.9751862
QQn: 0.16222909
alpha: 0.21332304
k: 1.2605141
