FFf: 0.9034917
FFn: 0.21633029
QQf: 0.9096979
QQn: 0.24774007
alpha: 0.74510556
k: 4.9200177
