FFf: 0.95162535
FFn: 0.40873006
QQf: 0.611416
QQn: 0.122080155
alpha: 0.9527245
k: 1.0140485
