FFf: 0.9695806
FFn: 0.58526736
QQf: 0.5208704
QQn: 0.39869687
alpha: 0.12406763
k: 3.6143932
