FFf: 0.949124
FFn: 0.2996412
QQf: 0.9772973
QQn: 0.3052063
alpha: 0.9951016
k: 3.3902788
