FFf: 0.808187
FFn: 0.6374586
QQf: 0.9898779
QQn: 0.32249954
alpha: 0.25518972
k: 4.4541717
