FFf: 0.81805676
FFn: 0.5903905
QQf: 0.6010608
QQn: 0.29558402
alpha: 0.8823058
k: 3.8565817
