FFf: 0.73653316
FFn: 0.27442867
QQf: 0.9233491
QQn: 0.032933637
alpha: 0.31879377
k: 4.871513
