FFf: 0.834916
FFn: 0.53621066
QQf: 0.9821068
QQn: 0.02297141
alpha: 0.025725072
k: 3.3179865
