FFf: 0.9271397
FFn: 0.6577273
QQf: 0.8398927
QQn: 0.4371218
alpha: 0.07148911
k: 1.0812609
