FFf: 0.9191703
FFn: 0.49272254
QQf: 0.9738218
QQn: 0.15347905
alpha: 0.4452458
k: 4.3772283
