FFf: 0.76213163
FFn: 0.38122803
QQf: 0.60628426
QQn: 0.36967614
alpha: 0.9047431
k: 4.009539
