FFf: 0.9017783
FFn: 0.28462553
QQf: 0.939188
QQn: 0.2904957
alpha: 0.28967175
k: 1.7195364
