FFf: 0.9644789
FFn: 0.60232884
QQf: 0.8263036
QQn: 0.06275997
alpha: 0.98767275
k: 1.0084934
