FFf: 0.95996374
FFn: 0.2168389
QQf: 0.71787906
QQn: 0.4679023
alpha: 0.9414491
k: 2.4870543
