FFf: 0.6944797
FFn: 0.48656043
QQf: 0.6003088
QQn: 0.38364422
alpha: 0.6202059
k: 3.1348338
