FFf: 0.9070534
FFn: 0.2478368
QQf: 0.92467153
QQn: 0.28925034
alpha: 0.32807893
k: 3.9275968
