FFf: 0.919663
FFn: 0.38553095
QQf: 0.8936802
QQn: 0.4274522
alpha: 0.299392
k: 1.0795447
