FFf: 0.94234836
FFn: 0.5913817
QQf: 0.93414724
QQn: 0.05606728
alpha: 0.6161332
k: 3.7868118
