FFf: 0.93266755
FFn: 0.4396095
QQf: 0.90428597
QQn: 0.47803414
alpha: 0.64050895
k: 3.690753
