FFf: 0.8966284
FFn: 0.2657966
QQf: 0.9431597
QQn: 0.3108546
alpha: 0.6063334
k: 4.2849526
