FFf: 0.8986349
FFn: 0.29943538
QQf: 0.8444535
QQn: 0.48354188
alpha: 0.19249155
k: 4.4539146
