FFf: 0.96474856
FFn: 0.32167763
QQf: 0.9607054
QQn: 0.3009752
alpha: 0.090092644
k: 1.1587924
