FFf: 0.75221455
QQf: 0.98473006
alpha: 0.22197098
beta: 0.4739507
gamma: 0.9349649
k: 4.771535
