FFf: 0.34026277
QQf: 0.129227
alpha: 0.94605917
beta: 0.45150334
gamma: 0.40297958
k: 2.761477
