FFf: 0.50696796
QQf: 0.10605014
alpha: 0.9641026
beta: 0.9506275
gamma: 0.6418819
k: 3.3527248
