FFf: 0.89536875
QQf: 0.9796639
alpha: 0.9136557
beta: 0.007875327
gamma: 0.045905072
k: 4.2147217
