FFf: 0.6346862
QQf: 0.9236481
alpha: 0.9106674
beta: 0.65615535
gamma: 0.38643014
k: 4.5253325
