FFf: 0.7381755
QQf: 0.9454874
alpha: 0.45666474
beta: 0.24017015
gamma: 0.42061603
k: 3.1254735
