FFf: 0.6952539
QQf: 0.78974056
alpha: 0.17040505
beta: 0.12600765
gamma: 0.021550704
k: 1.2119465
