FFf: 0.98357165
QQf: 0.12676528
alpha: 0.4947749
beta: 0.8565336
gamma: 0.5760108
k: 1.4625788
