FFf: 0.79730624
QQf: 0.93613815
alpha: 0.50964135
beta: 0.27469796
gamma: 0.53249633
k: 1.662794
