FFf: 0.4471667
QQf: 0.8901913
alpha: 0.031499013
beta: 0.83423775
gamma: 0.057526365
k: 4.2886086
