FFf: 0.9869095
QQf: 0.6550936
alpha: 0.977657
beta: 0.41936752
gamma: 0.48694435
k: 2.2174573
