FFf: 0.86534613
QQf: 0.8315442
alpha: 0.22231936
beta: 0.19910598
gamma: 0.7413661
k: 2.1260808
