FFf: 0.618162
QQf: 0.9887328
alpha: 0.9162878
beta: 0.3057392
gamma: 0.03636966
k: 4.715106
