FFf: 0.76995134
QQf: 0.8446207
alpha: 0.3565599
beta: 0.14651638
gamma: 0.33653727
k: 1.8133358
