FFf: 0.76752967
QQf: 0.9812945
alpha: 0.35340092
beta: 0.02298994
gamma: 0.041638535
k: 1.8884381
