FFf: 0.8271902
QQf: 0.9573456
alpha: 0.28782052
beta: 0.012802167
gamma: 0.996796
k: 1.1541046
