FFf: 0.9301971
QQf: 0.13574593
alpha: 0.6467495
beta: 0.47526255
gamma: 0.42572424
k: 4.5732245
