FFf: 0.9371416
QQf: 0.8640581
alpha: 0.3546506
beta: 0.5786816
gamma: 0.34329978
k: 1.4169468
