FFf: 0.9887287
QQf: 0.79688716
alpha: 0.8253135
beta: 0.60603976
gamma: 0.9322242
k: 4.42629
