FFf: 0.31028214
QQf: 0.9848587
alpha: 0.34372765
beta: 0.37940896
gamma: 0.61811966
k: 3.2247553
