FFf: 0.66382945
QQf: 0.9695591
alpha: 0.34166405
beta: 0.41865253
gamma: 0.8639069
k: 2.5236032
