FFf: 0.9634641
QQf: 0.9235704
alpha: 0.79533255
beta: 0.48237425
gamma: 0.8591095
k: 3.8387682
