FFf: 0.9847491
QQf: 0.1776124
alpha: 0.6743972
beta: 0.17992146
gamma: 0.7283803
k: 2.0656
