FFf: 0.8675428
QQf: 0.97489697
alpha: 0.2338092
beta: 0.39343342
gamma: 0.016098702
k: 4.5105143
