FFf: 0.82505155
QQf: 0.90956545
alpha: 0.20224714
beta: 0.59896386
gamma: 0.15918392
k: 1.0990403
