FFf: 0.8908805
QQf: 0.93895733
alpha: 0.80148244
beta: 0.68160665
gamma: 0.07008395
k: 4.2297854
