FFf: 0.72320884
QQf: 0.9507316
alpha: 0.8098715
beta: 0.7632501
gamma: 0.019158313
k: 3.9329183
