FFf: 0.8577341
QQf: 0.8868023
alpha: 0.655825
beta: 0.17130832
gamma: 0.5603514
k: 1.1977886
