FFf: 0.83805716
QQf: 0.73690796
alpha: 0.27687463
beta: 0.43241483
gamma: 0.86451554
k: 2.3507254
