FFf: 0.9694682
QQf: 0.5024531
alpha: 0.3093679
beta: 0.98286265
gamma: 0.29413897
k: 4.4541507
