FFf: 0.9849894
QQf: 0.46151814
alpha: 0.7516305
beta: 0.9863816
gamma: 0.29391468
k: 4.592316
