FFf: 0.8064043
QQf: 0.9846913
alpha: 0.9334513
beta: 0.69525063
gamma: 0.94830066
k: 2.7836626
