FFf: 0.98253125
QQf: 0.97114474
alpha: 0.54267883
beta: 0.12308354
gamma: 0.92667955
k: 2.6110709
