FFf: 0.8330542
QQf: 0.9711525
alpha: 0.5897027
beta: 0.060674656
gamma: 0.96106493
k: 2.3560405
