FFf: 0.9279246
QQf: 0.62607
alpha: 0.94847596
beta: 0.12056316
gamma: 0.88432014
k: 1.4079983
