FFf: 0.20320901
QQf: 0.32889408
alpha: 0.82218504
beta: 0.18034877
gamma: 0.1713528
k: 4.4180417
