FFf: 0.47188622
QQf: 0.9320224
alpha: 0.0983239
beta: 0.23622409
gamma: 0.82256556
k: 2.9476135
