FFf: 0.9899277
QQf: 0.21555087
alpha: 0.68176657
beta: 0.09882632
gamma: 0.26271117
k: 4.3598943
