FFf: 0.88737905
QQf: 0.9875719
alpha: 0.81917495
beta: 0.13373615
gamma: 0.7478562
k: 1.6281453
