FFf: 0.9354619
QQf: 0.9318213
alpha: 0.85362315
beta: 0.1869578
gamma: 0.21248063
k: 2.4180336
