FFf: 0.9449559
QQf: 0.40823135
alpha: 0.0046364986
beta: 0.8640083
gamma: 0.86214674
k: 1.8242977
