FFf: 0.9176488
QQf: 0.97454596
alpha: 0.22190669
beta: 0.37190127
gamma: 0.49314886
k: 3.258678
