FFf: 0.9194708
QQf: 0.8774172
alpha: 0.15205748
beta: 0.44153497
gamma: 0.2045946
k: 1.6707278
