FFf: 0.8826777
QQf: 0.86336136
alpha: 0.38904127
beta: 0.12918551
gamma: 0.121137075
k: 2.9962409
