FFf: 0.9532419
QQf: 0.1260869
alpha: 0.89631367
beta: 0.29650915
gamma: 0.21868639
k: 1.2240982
