FFf: 0.98752975
QQf: 0.26742828
alpha: 0.79214084
beta: 0.8363879
gamma: 0.5942511
k: 1.6666353
