FFf: 0.62894887
QQf: 0.98679006
alpha: 0.52087754
beta: 0.52594423
gamma: 0.25303382
k: 3.6974237
