FFf: 0.9839584
QQf: 0.9650116
alpha: 0.9128677
beta: 0.14897636
gamma: 0.14634101
k: 1.2620828
