FFf: 0.70211554
QQf: 0.121954426
alpha: 0.28503537
beta: 0.7941935
gamma: 0.23122935
k: 3.0917125
