FFf: 0.7826747
QQf: 0.98951894
alpha: 0.45344463
beta: 0.93690145
gamma: 0.9083411
k: 2.386516
