FFf: 0.9840541
QQf: 0.20880392
alpha: 0.11158118
beta: 0.6896301
gamma: 0.3633106
k: 3.2800717
