FFf: 0.34442335
QQf: 0.97792417
alpha: 0.65882784
beta: 0.94554085
gamma: 0.720095
k: 1.2613208
