FFf: 0.98822963
QQf: 0.8679485
alpha: 0.34147617
beta: 0.6066865
gamma: 0.7324524
k: 2.0418708
