FFf: 0.95592415
QQf: 0.9569119
alpha: 0.35952908
beta: 0.8938361
gamma: 0.041803565
k: 3.5312824
