FFf: 0.49382126
QQf: 0.98057455
alpha: 0.39586398
beta: 0.58813673
gamma: 0.87913096
k: 3.7241812
