FFf: 0.7135786
QQf: 0.87664855
alpha: 0.1919068
beta: 0.4860419
gamma: 0.88831156
k: 3.740824
