FFf: 0.87148684
QQf: 0.13275991
alpha: 0.23874317
beta: 0.4136545
gamma: 0.117440626
k: 2.8915007
