FFf: 0.98544145
QQf: 0.38698784
alpha: 0.37432885
beta: 0.7461268
gamma: 0.43162414
k: 2.5814044
