FFf: 0.91683334
QQf: 0.921973
alpha: 0.05855612
beta: 0.6308537
gamma: 0.05145154
k: 2.1798182
