FFf: 0.9045028
QQf: 0.33700982
alpha: 0.55480665
beta: 0.08278016
gamma: 0.9600111
k: 4.1889095
