FFf: 0.880194
QQf: 0.9459692
alpha: 0.27194726
beta: 0.7178209
gamma: 0.80648315
k: 2.8996542
