FFf: 0.9405326
QQf: 0.94670576
alpha: 0.22856149
beta: 0.6410852
gamma: 0.0924369
k: 3.9349926
