FFf: 0.8290587
QQf: 0.9372845
alpha: 0.103204615
beta: 0.973822
gamma: 0.08978362
k: 4.3094006
