FFf: 0.70892674
QQf: 0.97062105
alpha: 0.19214869
beta: 0.7204636
gamma: 0.31753644
k: 1.2949821
