FFf: 0.9896826
QQf: 0.18073763
alpha: 0.7153691
beta: 0.70311683
gamma: 0.4176334
k: 4.108959
