FFf: 0.98390335
QQf: 0.1570809
alpha: 0.87256646
beta: 0.8711845
gamma: 0.07278356
k: 3.532741
