FFf: 0.919911
QQf: 0.9683116
alpha: 0.48185328
beta: 0.040444773
gamma: 0.940205
k: 4.5394855
