FFf: 0.93548787
QQf: 0.9827427
alpha: 0.47093478
beta: 0.016234094
gamma: 0.012535483
k: 2.783461
