FFf: 0.9479973
QQf: 0.94402957
alpha: 0.15472652
beta: 0.06955547
gamma: 0.8677303
k: 2.5640056
