FFf: 0.95703965
QQf: 0.4384211
alpha: 0.54212624
beta: 0.64270407
gamma: 0.33191812
k: 2.6949039
