FFf: 0.7390333
QQf: 0.9870106
alpha: 0.26490846
beta: 0.9238695
gamma: 0.82874244
k: 1.5430392
