FFf: 0.8864333
QQf: 0.96072644
alpha: 0.14220928
beta: 0.8110188
gamma: 0.09447736
k: 4.2528453
