FFf: 0.9780595
QQf: 0.19424324
alpha: 0.37946045
beta: 0.021713847
gamma: 0.8152049
k: 3.0827107
