FFf: 0.97022873
QQf: 0.5042958
alpha: 0.0023366408
beta: 0.30061787
gamma: 0.7901489
k: 4.3448334
