FFf: 0.9836075
QQf: 0.29232812
alpha: 0.42213753
beta: 0.64553636
gamma: 0.9037263
k: 4.6567864
