FFf: 0.35585582
QQf: 0.9873366
alpha: 0.97357994
beta: 0.79898924
gamma: 0.93278015
k: 2.4102285
