FFf: 0.8111096
QQf: 0.34307975
alpha: 0.5691788
beta: 0.8695563
gamma: 0.91640687
k: 1.0415213
