FFf: 0.61282045
QQf: 0.94309616
alpha: 0.16028926
beta: 0.21506876
gamma: 0.06843807
k: 4.0860276
