FFf: 0.5566679
QQf: 0.89694923
alpha: 0.4568603
beta: 0.09657979
gamma: 0.8142605
k: 1.192676
