FFf: 0.9480186
QQf: 0.6342951
alpha: 0.60569143
beta: 0.016378343
gamma: 0.6630938
k: 1.0042114
