FFf: 0.8068482
QQf: 0.98249626
alpha: 0.48991156
beta: 0.8708189
gamma: 0.9951581
k: 1.281818
