FFf: 0.76473045
QQf: 0.53375715
alpha: 0.05085195
beta: 0.3740591
gamma: 0.5398774
k: 4.733328
