FFf: 0.93708116
QQf: 0.89281523
alpha: 0.37942967
beta: 0.5484623
gamma: 0.24779421
k: 2.565225
