FFf: 0.46869427
QQf: 0.14371336
alpha: 0.13565566
beta: 0.88875127
gamma: 0.2977402
k: 1.005321
