FFf: 0.975878
QQf: 0.4711112
alpha: 0.51935846
beta: 0.4829405
gamma: 0.95091707
k: 3.4739287
