FFf: 0.6922617
QQf: 0.62845576
alpha: 0.47230425
beta: 0.2578702
gamma: 0.024682967
k: 3.945346
