FFf: 0.6335369
QQf: 0.9773592
alpha: 0.81505126
beta: 0.8555983
gamma: 0.26600185
k: 3.2724755
