FFf: 0.9465732
QQf: 0.8635759
alpha: 0.5660574
beta: 0.21227647
gamma: 0.5067381
k: 4.3579516
