FFf: 0.97038823
QQf: 0.82166094
alpha: 0.020222295
beta: 0.8428549
gamma: 0.51129687
k: 1.4705076
