FFf: 0.95919144
QQf: 0.92498875
alpha: 0.29189232
beta: 0.36008474
gamma: 0.027849842
k: 2.3101342
