FFf: 0.93394136
QQf: 0.91049105
alpha: 0.376512
beta: 0.4259548
gamma: 0.19421367
k: 2.6072083
