FFf: 0.9451203
QQf: 0.93354094
alpha: 0.5612645
beta: 0.3783438
gamma: 0.3789356
k: 4.2540655
