FFf: 0.8393871
QQf: 0.89824545
alpha: 0.69052297
beta: 0.09148324
gamma: 0.633161
k: 1.4851943
