FFf: 0.42571807
QQf: 0.82471585
alpha: 0.8114683
beta: 0.6852264
gamma: 0.40430114
k: 2.3966036
