FFf: 0.75641334
QQf: 0.96787786
alpha: 0.13577291
beta: 0.5265497
gamma: 0.6660979
k: 2.3184922
