FFf: 0.96802646
QQf: 0.91984034
alpha: 0.94742477
beta: 0.16256143
gamma: 0.8599756
k: 1.6421351
