FFf: 0.74652755
QQf: 0.8576301
alpha: 0.27675405
beta: 0.24552566
gamma: 0.1334099
k: 2.1233273
