FFf: 0.49200356
QQf: 0.89666057
alpha: 0.54678696
beta: 0.52263045
gamma: 0.5082278
k: 2.972491
