FFf: 0.34573427
QQf: 0.7534637
alpha: 0.49645317
beta: 0.72875196
gamma: 0.29816353
k: 2.1419153
