FFf: 0.8887141
QQf: 0.8120171
alpha: 0.476966
beta: 0.20172517
gamma: 0.27111682
k: 3.2493315
