FFf: 0.38450837
QQf: 0.91861784
alpha: 0.14243591
beta: 0.80743486
gamma: 0.59726363
k: 2.3496854
