FFf: 0.77358127
QQf: 0.90498096
alpha: 0.37437916
beta: 0.2324328
gamma: 0.15906253
k: 2.544129
