FFf: 0.3691746
QQf: 0.8659239
alpha: 0.24376349
beta: 0.5089383
gamma: 0.1401049
k: 3.6937957
