FFf: 0.23335062
QQf: 0.9385063
alpha: 0.5113252
beta: 0.27466202
gamma: 0.8986477
k: 1.1343076
