FFf: 0.8577037
QQf: 0.9639383
alpha: 0.7678227
beta: 0.85187525
gamma: 0.17005026
k: 4.9373655
