FFf: 0.42405477
QQf: 0.8469493
alpha: 0.8551129
beta: 0.28487226
gamma: 0.33879793
k: 4.932514
