FFf: 0.8757378
QQf: 0.49604943
alpha: 0.16594659
beta: 0.25174156
gamma: 0.839119
k: 2.6090446
