FFf: 0.96338177
QQf: 0.94681925
alpha: 0.049550876
beta: 0.21139158
gamma: 0.89062047
k: 2.334692
