FFf: 0.24262673
QQf: 0.98660475
alpha: 0.36788794
beta: 0.27028817
gamma: 0.40509975
k: 3.7277641
