FFf: 0.6374126
QQf: 0.8363321
alpha: 0.33980083
beta: 0.544811
gamma: 0.14160597
k: 4.168505
