FFf: 0.35811618
QQf: 0.71526724
alpha: 0.4487165
beta: 0.5856486
gamma: 0.37894735
k: 3.483953
