FFf: 0.7308566
QQf: 0.92189527
alpha: 0.46825117
beta: 0.48642606
gamma: 0.47773772
k: 3.3277423
