FFf: 0.40556446
QQf: 0.98253196
alpha: 0.2775212
beta: 0.9559401
gamma: 0.34847715
k: 1.137486
