FFf: 0.87758857
QQf: 0.8536998
alpha: 0.628566
beta: 0.23521692
gamma: 0.40266418
k: 3.4650187
