FFf: 0.9502032
QQf: 0.7524286
alpha: 0.49870023
beta: 0.5051935
gamma: 0.7944886
k: 3.3679788
