FFf: 0.8690772
QQf: 0.826445
alpha: 0.121829666
beta: 0.8812114
gamma: 0.5284561
k: 2.984129
