FFf: 0.8279678
QQf: 0.88845485
alpha: 0.55377734
beta: 0.3918916
gamma: 0.17815217
k: 3.0472026
