FFf: 0.78608173
QQf: 0.8127885
alpha: 0.5867325
beta: 0.44526145
gamma: 0.39476296
k: 3.7586217
