FFf: 0.5325554
QQf: 0.926324
alpha: 0.32486615
beta: 0.50383234
gamma: 0.2035047
k: 4.3813157
