FFf: 0.54214495
QQf: 0.8541804
alpha: 0.385737
beta: 0.66338205
gamma: 0.24364567
k: 4.2672987
