FFf: 0.9342415
QQf: 0.4222509
alpha: 0.47527012
beta: 0.22864607
gamma: 0.33331302
k: 3.620382
