FFf: 0.9548538
QQf: 0.6398909
alpha: 0.30885294
beta: 0.11876527
gamma: 0.19015513
k: 4.1902056
