FFf: 0.64607614
QQf: 0.9488962
alpha: 0.07442523
beta: 0.4709663
gamma: 0.06389272
k: 1.6210228
