FFf: 0.48644203
QQf: 0.8046819
alpha: 0.66521144
beta: 0.7571814
gamma: 0.64207035
k: 3.2505076
