FFf: 0.848003
QQf: 0.68926394
alpha: 0.10961337
beta: 0.25074026
gamma: 0.94252306
k: 3.5439372
