FFf: 0.86288476
QQf: 0.7220913
alpha: 0.031616367
beta: 0.40205452
gamma: 0.89514744
k: 4.7931123
