FFf: 0.91916806
QQf: 0.82476985
alpha: 0.84055656
beta: 0.29608572
gamma: 0.7944018
k: 4.6126466
