FFf: 0.7403427
QQf: 0.87525517
alpha: 0.77761537
beta: 0.35063955
gamma: 0.13321312
k: 4.2035685
