FFf: 0.37591454
QQf: 0.82014245
alpha: 0.82403284
beta: 0.48428074
gamma: 0.20399137
k: 2.4331002
