FFf: 0.7614346
QQf: 0.26594076
alpha: 0.13379131
beta: 0.8935469
gamma: 0.44281867
k: 1.4907856
