FFf: 0.9818936
QQf: 0.82951534
alpha: 0.13887149
beta: 0.59971
gamma: 0.60809636
k: 2.9094117
