FFf: 0.7556547
QQf: 0.8626237
alpha: 0.47916892
beta: 0.38849592
gamma: 0.3041305
k: 3.6831427
