FFf: 0.84495044
QQf: 0.76710886
alpha: 0.017835336
beta: 0.35211056
gamma: 0.84674495
k: 2.0228357
