FFf: 0.969725
QQf: 0.5232706
alpha: 0.1373997
beta: 0.62807846
gamma: 0.9920929
k: 3.967035
