FFf: 0.9082501
QQf: 0.71379787
alpha: 0.6142767
beta: 0.70107025
gamma: 0.3307587
k: 3.3765028
