FFf: 0.9213052
QQf: 0.8154047
alpha: 0.9260462
beta: 0.9505954
gamma: 0.85007143
k: 3.1698868
