FFf: 0.9227475
QQf: 0.79959655
alpha: 0.6313687
beta: 0.7713493
gamma: 0.5755652
k: 3.1929677
