FFf: 0.34079468
QQf: 0.9030108
alpha: 0.34834355
beta: 0.39470994
gamma: 0.6708384
k: 2.8669124
