FFf: 0.8371301
QQf: 0.72930527
alpha: 0.16407543
beta: 0.08813114
gamma: 0.131884
k: 2.5162168
