FFf: 0.82480824
QQf: 0.854551
alpha: 0.83924603
beta: 0.3531695
gamma: 0.4151215
k: 3.1340961
