FFf: 0.69287384
QQf: 0.96437144
alpha: 0.30194145
beta: 0.9923552
gamma: 0.1588526
k: 1.7051677
