FFf: 0.39342082
QQf: 0.6628067
alpha: 0.5094544
beta: 0.5367256
gamma: 0.23941582
k: 2.8724546
