FFf: 0.4661718
QQf: 0.98421675
alpha: 0.191975
beta: 0.45994848
gamma: 0.9166868
k: 3.0573564
