FFf: 0.4109613
QQf: 0.98276305
alpha: 0.38077623
beta: 0.5003329
gamma: 0.148067
k: 2.8373132
