FFf: 0.510434
QQf: 0.8737696
alpha: 0.7136156
beta: 0.4492341
gamma: 0.36348042
k: 2.1856678
