FFf: 0.93405753
QQf: 0.51291203
alpha: 0.58737624
beta: 0.73806
gamma: 0.20841242
k: 4.4429874
