FFf: 0.5741137
QQf: 0.9097455
alpha: 0.535343
beta: 0.3205898
gamma: 0.15604588
k: 1.9124563
