FFf: 0.56216663
QQf: 0.9751277
alpha: 0.79497916
beta: 0.858498
gamma: 0.7123114
k: 2.549459
