FFf: 0.6996654
QQf: 0.76283336
alpha: 0.14145102
beta: 0.25619665
gamma: 0.92677575
k: 2.4830432
