FFf: 0.38817486
QQf: 0.98701847
alpha: 0.110408425
beta: 0.09439953
gamma: 0.7545737
k: 3.0069735
