FFf: 0.8493355
QQf: 0.89072174
alpha: 0.30926952
beta: 0.5134593
gamma: 0.16002224
k: 4.787099
