FFf: 0.9190971
QQf: 0.7664104
alpha: 0.7057302
beta: 0.44422096
gamma: 0.70301694
k: 3.4797168
