FFf: 0.8804302
QQf: 0.4440128
alpha: 0.9767148
beta: 0.17157768
gamma: 0.60838664
k: 1.4809602
