FFf: 0.8886005
QQf: 0.77977526
alpha: 0.39428958
beta: 0.56985015
gamma: 0.17909423
k: 2.4095974
