FFf: 0.97093827
QQf: 0.84064996
alpha: 0.9900364
beta: 0.64085305
gamma: 0.55536014
k: 3.1355112
