FFf: 0.7401743
QQf: 0.9351187
alpha: 0.36516035
beta: 0.33872443
gamma: 0.058517337
k: 3.631671
