FFf: 0.92108405
QQf: 0.8218079
alpha: 0.1959973
beta: 0.35622317
gamma: 0.10740119
k: 1.2871435
