FFf: 0.89336777
QQf: 0.7612973
alpha: 0.19307153
beta: 0.6106747
gamma: 0.25093332
k: 4.937468
