FFf: 0.9688485
QQf: 0.8273649
alpha: 0.0057274755
beta: 0.7225714
gamma: 0.8901268
k: 3.9029949
