FFf: 0.4530874
QQf: 0.73375577
alpha: 0.15076852
beta: 0.34451488
gamma: 0.0330264
k: 3.866889
