FFf: 0.6912765
QQf: 0.91936994
alpha: 0.81148523
beta: 0.015453135
gamma: 0.28714737
k: 2.948053
