FFf: 0.4776542
QQf: 0.8976785
alpha: 0.34357387
beta: 0.6845532
gamma: 0.19349267
k: 3.2505999
