FFf: 0.45817852
QQf: 0.4297649
alpha: 0.31500494
beta: 0.48333713
gamma: 0.3311445
k: 3.4668384
