FFf: 0.7435231
QQf: 0.87123525
alpha: 0.31594017
beta: 0.8092096
gamma: 0.16491063
k: 4.5636024
