FFf: 0.92491543
QQf: 0.799437
alpha: 0.16364042
beta: 0.8084404
gamma: 0.53438586
k: 2.126828
