FFf: 0.9077019
QQf: 0.11087952
alpha: 0.6321208
beta: 0.9772578
gamma: 0.45027652
k: 2.8308098
