FFf: 0.62179524
QQf: 0.6539124
alpha: 0.38123146
beta: 0.2682835
gamma: 0.5860383
k: 1.3438392
