FFf: 0.74023694
QQf: 0.49630582
alpha: 0.4928087
beta: 0.44443676
gamma: 0.763416
k: 3.7805023
