FFf: 0.49590233
QQf: 0.8045554
alpha: 0.50293803
beta: 0.3836464
gamma: 0.15316845
k: 3.4244182
