FFf: 0.8174654
QQf: 0.80501926
alpha: 0.4223154
beta: 0.6781265
gamma: 0.27306375
k: 3.5564082
