FFf: 0.9542333
QQf: 0.64528984
alpha: 0.90303725
beta: 0.9105446
gamma: 0.14596562
k: 1.0512185
