FFf: 0.9826747
QQf: 0.9514578
alpha: 0.104404815
beta: 0.27335393
gamma: 0.016645236
k: 3.6120245
