FFf: 0.94570804
QQf: 0.87551063
alpha: 0.24688229
beta: 0.47050446
gamma: 0.20008871
k: 4.8565764
