FFf: 0.8259547
QQf: 0.92321366
alpha: 0.0018508042
beta: 0.34027278
gamma: 0.053675245
k: 2.997829
