FFf: 0.9532174
QQf: 0.87476236
alpha: 0.9580176
beta: 0.1336676
gamma: 0.69348335
k: 1.873248
