FFf: 0.9296382
QQf: 0.74345946
alpha: 0.5025663
beta: 0.63342893
gamma: 0.5171103
k: 3.4980896
