FFf: 0.5151522
QQf: 0.82663125
alpha: 0.75680393
beta: 0.28091472
gamma: 0.2305797
k: 3.3381472
