FFf: 0.89831287
QQf: 0.7169494
alpha: 0.8100307
beta: 0.52166545
gamma: 0.38064346
k: 2.680233
