FFf: 0.948608
QQf: 0.8790022
alpha: 0.87096643
beta: 0.4720281
gamma: 0.56282467
k: 3.525068
