FFf: 0.8956536
QQf: 0.8127256
alpha: 0.87661606
beta: 0.6015719
gamma: 0.9014262
k: 3.1953754
