FFf: 0.90690076
QQf: 0.4079905
alpha: 0.12928376
beta: 0.52533805
gamma: 0.9978121
k: 4.108253
