FFf: 0.8870038
QQf: 0.8356099
alpha: 0.6536011
beta: 0.725529
gamma: 0.693239
k: 2.7306197
