FFf: 0.7998019
QQf: 0.6208773
alpha: 0.121832244
beta: 0.30987203
gamma: 0.8084815
k: 4.414111
