FFf: 0.9209043
QQf: 0.8365124
alpha: 0.47012156
beta: 0.49396178
gamma: 0.51736397
k: 2.7077744
