FFf: 0.93403506
QQf: 0.8066208
alpha: 0.4052213
beta: 0.11863124
gamma: 0.5743849
k: 2.6658783
