FFf: 0.80787665
QQf: 0.8298876
alpha: 0.42595664
beta: 0.70044434
gamma: 0.78686726
k: 3.250418
