FFf: 0.3715287
QQf: 0.9884561
alpha: 0.9039872
beta: 0.08741673
gamma: 0.6703955
k: 1.6739427
