FFf: 0.7469723
QQf: 0.97220373
alpha: 0.1114335
beta: 0.34390774
gamma: 0.4281584
k: 3.87465
