FFf: 0.5731972
QQf: 0.9027501
alpha: 0.12599719
beta: 0.6227523
gamma: 0.27001807
k: 3.0078201
