FFf: 0.6846186
QQf: 0.8533331
alpha: 0.33943555
beta: 0.2716704
gamma: 0.079957716
k: 1.3676097
