FFf: 0.66167676
QQf: 0.91277957
alpha: 0.43164873
beta: 0.28834385
gamma: 0.4685756
k: 3.6050618
