FFf: 0.35546213
QQf: 0.8938885
alpha: 0.4279427
beta: 0.62675726
gamma: 0.117901415
k: 4.19652
