FFf: 0.8460657
QQf: 0.9320708
alpha: 0.38501656
beta: 0.33295712
gamma: 0.08533695
k: 2.726737
