FFf: 0.9861239
QQf: 0.33323193
alpha: 0.71351945
beta: 0.5568753
gamma: 0.54011565
k: 3.4437134
