FFf: 0.97400606
QQf: 0.9310932
alpha: 0.32068077
beta: 0.23552534
gamma: 0.25405434
k: 2.2135527
