FFf: 0.32340413
QQf: 0.8296742
alpha: 0.29216978
beta: 0.59386367
gamma: 0.17993177
k: 3.1504886
