FFf: 0.25546467
QQf: 0.96475595
alpha: 0.52001286
beta: 0.42831826
gamma: 0.9899117
k: 4.1046185
