FFf: 0.60105693
QQf: 0.89680445
alpha: 0.7140419
beta: 0.83387005
gamma: 0.04883002
k: 1.5156008
