FFf: 0.4483978
QQf: 0.86594266
alpha: 0.8574475
beta: 0.45221496
gamma: 0.26927787
k: 3.394274
