FFf: 0.97428966
QQf: 0.5005335
alpha: 0.3195092
beta: 0.31890526
gamma: 0.9692202
k: 1.8232672
