FFf: 0.98484063
QQf: 0.9274767
alpha: 0.18320686
beta: 0.2813288
gamma: 0.7913801
k: 2.382183
