FFf: 0.20089142
QQf: 0.7595241
alpha: 0.22830878
beta: 0.8686657
gamma: 0.78188473
k: 2.270486
