FFf: 0.5560271
QQf: 0.81199974
alpha: 0.35160577
beta: 0.32841834
gamma: 0.18762375
k: 1.597122
