FFf: 0.45182946
QQf: 0.95716226
alpha: 0.61292696
beta: 0.46550465
gamma: 0.04418966
k: 1.599418
