FFf: 0.5680883
QQf: 0.7796697
alpha: 0.32775757
beta: 0.37022758
gamma: 0.9342055
k: 3.7631285
