FFf: 0.4417511
QQf: 0.96752506
alpha: 0.32242462
beta: 0.38447455
gamma: 0.67415625
k: 1.7052326
