FFf: 0.7784238
QQf: 0.6229702
alpha: 0.6039014
beta: 0.61877626
gamma: 0.9978373
k: 3.9479427
