FFf: 0.9855741
QQf: 0.9550663
alpha: 0.7556272
beta: 0.31184727
gamma: 0.23793353
k: 4.0004697
