FFf: 0.9562816
QQf: 0.7860384
alpha: 0.3707147
beta: 0.707477
gamma: 0.78505796
k: 1.4909002
