FFf: 0.78475815
QQf: 0.95809346
alpha: 0.7181135
beta: 0.39508113
gamma: 0.10555551
k: 3.578742
