FFf: 0.76699007
QQf: 0.76013887
alpha: 0.6308475
beta: 0.6769201
gamma: 0.50523484
k: 3.1034112
