FFf: 0.5295768
QQf: 0.94120884
alpha: 0.49253646
beta: 0.74377286
gamma: 0.21463291
k: 4.4310956
