FFf: 0.5293079
QQf: 0.79031414
alpha: 0.65807766
beta: 0.6657086
gamma: 0.30647278
k: 3.883749
