FFf: 0.97660315
QQf: 0.40205598
alpha: 0.6323551
beta: 0.10129375
gamma: 0.62606525
k: 2.3534656
