FFf: 0.98262566
QQf: 0.63124037
alpha: 0.18670334
beta: 0.13145354
gamma: 0.09449367
k: 4.1254487
