FFf: 0.60650533
QQf: 0.55270475
alpha: 0.42840666
beta: 0.30865723
gamma: 0.37848407
k: 3.3480136
