FFf: 0.47470927
QQf: 0.75466096
alpha: 0.16641775
beta: 0.7420075
gamma: 0.93124664
k: 2.0426362
