FFf: 0.8385768
QQf: 0.8234247
alpha: 0.2177584
beta: 0.18556125
gamma: 0.47073576
k: 1.0692902
