FFf: 0.9067019
QQf: 0.70243436
alpha: 0.059235685
beta: 0.68416935
gamma: 0.9897729
k: 3.9104042
