FFf: 0.79315245
QQf: 0.9474232
alpha: 0.7531819
beta: 0.18489061
gamma: 0.22535142
k: 1.2929838
