FFf: 0.72459465
QQf: 0.6933193
alpha: 0.8577614
beta: 0.09290615
gamma: 0.34908766
k: 2.599001
