FFf: 0.3662416
QQf: 0.591607
alpha: 0.6192051
beta: 0.2109279
gamma: 0.95374095
k: 4.4103746
