FFf: 0.6706045
QQf: 0.88968027
alpha: 0.47100884
beta: 0.5673431
gamma: 0.12123223
k: 2.8599346
