FFf: 0.8769324
QQf: 0.74617696
alpha: 0.14928043
beta: 0.70365614
gamma: 0.77680653
k: 2.5783772
