FFf: 0.8288364
QQf: 0.85976106
alpha: 0.6225888
beta: 0.20127328
gamma: 0.29006267
k: 2.917668
