FFf: 0.73447037
QQf: 0.82113796
alpha: 0.33455887
beta: 0.8557698
gamma: 0.62698495
k: 2.998338
