FFf: 0.96077996
QQf: 0.61869025
alpha: 0.044269636
beta: 0.20632106
gamma: 0.7494589
k: 1.073813
