FFf: 0.9751743
QQf: 0.7173352
alpha: 0.5900767
beta: 0.71013224
gamma: 0.24873748
k: 3.655558
