FFf: 0.95263267
QQf: 0.7987343
alpha: 0.815923
beta: 0.10783728
gamma: 0.8638847
k: 1.9474281
