FFf: 0.8424919
QQf: 0.87130463
alpha: 0.6254018
beta: 0.42768112
gamma: 0.3570117
k: 2.5536056
