FFf: 0.28752756
QQf: 0.8470104
alpha: 0.21895754
beta: 0.36691552
gamma: 0.72945213
k: 2.1847954
