FFf: 0.82000834
QQf: 0.6575621
alpha: 0.4474329
beta: 0.38020435
gamma: 0.43810087
k: 3.4118006
