FFf: 0.8735382
QQf: 0.9067878
alpha: 0.59336555
beta: 0.1564848
gamma: 0.14719473
k: 3.9379792
