FFf: 0.3471833
QQf: 0.97307473
alpha: 0.54758745
beta: 0.2733103
gamma: 0.45329332
k: 2.703524
