FFf: 0.74033076
QQf: 0.96851104
alpha: 0.19651498
beta: 0.5486576
gamma: 0.76116556
k: 3.3132608
