FFf: 0.5762899
QQf: 0.9041805
alpha: 0.3877947
beta: 0.3340779
gamma: 0.27540156
k: 3.2334628
