FFf: 0.6792559
QQf: 0.832732
alpha: 0.28202063
beta: 0.32842952
gamma: 0.23978306
k: 3.2793882
