FFf: 0.6630981
QQf: 0.9152183
alpha: 0.56107074
beta: 0.28348076
gamma: 0.43626362
k: 3.6463325
