FFf: 0.4079879
QQf: 0.96784455
alpha: 0.44740438
beta: 0.27038684
gamma: 0.05765626
k: 2.9922168
