FFf: 0.6442117
QQf: 0.8439843
alpha: 0.6521101
beta: 0.03839716
gamma: 0.23662572
k: 4.9939494
