FFf: 0.98793113
QQf: 0.25701448
alpha: 0.7805788
beta: 0.23575945
gamma: 0.95687336
k: 2.2287676
