FFf: 0.9637414
QQf: 0.9792061
alpha: 0.15719427
beta: 0.40319502
gamma: 0.049078528
k: 1.531441
