FFf: 0.30880037
QQf: 0.711562
alpha: 0.5021745
beta: 0.3864158
gamma: 0.5063186
k: 3.5277839
