FFf: 0.4925019
QQf: 0.97558933
alpha: 0.10153898
beta: 0.6717981
gamma: 0.87501055
k: 2.1141722
