FFf: 0.6488735
QQf: 0.9194409
alpha: 0.71278024
beta: 0.8114184
gamma: 0.04178162
k: 1.3031098
