FFf: 0.452802
QQf: 0.829829
alpha: 0.7403624
beta: 0.5092353
gamma: 0.3067773
k: 3.7448406
