FFf: 0.8673311
QQf: 0.55737716
alpha: 0.09730872
beta: 0.2620619
gamma: 0.7642224
k: 1.2572951
