FFf: 0.98492193
QQf: 0.94267803
alpha: 0.13670641
beta: 0.4088678
gamma: 0.8092706
k: 2.4134793
