FFf: 0.22888893
QQf: 0.95208883
alpha: 0.50932163
beta: 0.719085
gamma: 0.62012523
k: 4.296873
