FFf: 0.59761333
QQf: 0.73327315
alpha: 0.62352854
beta: 0.32227778
gamma: 0.3685758
k: 2.7676294
