FFf: 0.35593536
QQf: 0.8820061
alpha: 0.7889463
beta: 0.33068445
gamma: 0.10669033
k: 3.201008
