FFf: 0.55759805
QQf: 0.7967268
alpha: 0.54205483
beta: 0.3575591
gamma: 0.82380307
k: 1.2965238
