FFf: 0.4021606
QQf: 0.970293
alpha: 0.1720152
beta: 0.551426
gamma: 0.7065263
k: 2.5664062
