FFf: 0.71351844
QQf: 0.74487233
alpha: 0.53799343
beta: 0.8584833
gamma: 0.57367337
k: 3.5441422
