FFf: 0.9783331
QQf: 0.98272264
alpha: 0.68142796
beta: 0.18573135
gamma: 0.13118473
k: 2.7197967
