FFf: 0.9736662
QQf: 0.87794226
alpha: 0.33442122
beta: 0.516163
gamma: 0.29592073
k: 1.7694263
