FFf: 0.821012
QQf: 0.9669106
alpha: 0.51174736
beta: 0.4754392
gamma: 0.08897867
k: 3.9282994
