FFf: 0.77461034
QQf: 0.7338462
alpha: 0.5903611
beta: 0.56101316
gamma: 0.54600096
k: 3.2905118
