FFf: 0.5212832
QQf: 0.9426505
alpha: 0.623635
beta: 0.51646155
gamma: 0.20540613
k: 3.1793513
