FFf: 0.5158366
QQf: 0.80377805
alpha: 0.83445555
beta: 0.11927477
gamma: 0.29857838
k: 4.3637447
