FFf: 0.9845771
QQf: 0.4109019
alpha: 0.33032888
beta: 0.4387704
gamma: 0.52000934
k: 2.5100622
