FFf: 0.98904943
QQf: 0.59127194
alpha: 0.06489545
beta: 0.118968405
gamma: 0.12138246
k: 4.428173
