FFf: 0.62721854
QQf: 0.52763546
alpha: 0.2599079
beta: 0.1901144
gamma: 0.33962288
k: 1.3330412
