FFf: 0.4700462
QQf: 0.74539566
alpha: 0.4116926
beta: 0.23723835
gamma: 0.9906479
k: 2.581101
