FFf: 0.89471155
QQf: 0.7091425
alpha: 0.10927045
beta: 0.3058389
gamma: 0.84737575
k: 1.0089912
