FFf: 0.9044554
QQf: 0.7728806
alpha: 0.12248712
beta: 0.24840076
gamma: 0.6216851
k: 1.1289092
