FFf: 0.8678065
QQf: 0.96854496
alpha: 0.46582505
beta: 0.228782
gamma: 0.14262398
k: 1.6686409
