FFf: 0.7456121
QQf: 0.8148791
alpha: 0.75625163
beta: 0.37263513
gamma: 0.15657818
k: 1.2729455
