FFf: 0.350154
QQf: 0.6247148
alpha: 0.6886434
beta: 0.94207734
gamma: 0.7083395
k: 3.1555884
