FFf: 0.596808
QQf: 0.88102293
alpha: 0.5065091
beta: 0.7003172
gamma: 0.2013386
k: 3.2201881
