FFf: 0.88003105
QQf: 0.7493766
alpha: 0.11347633
beta: 0.8039711
gamma: 0.7376264
k: 3.130318
