FFf: 0.76098466
QQf: 0.86445594
alpha: 0.42189834
beta: 0.303127
gamma: 0.30551687
k: 1.0843227
