FFf: 0.7326352
QQf: 0.737362
alpha: 0.32012057
beta: 0.73333263
gamma: 0.9642651
k: 3.0653396
