FFf: 0.9779342
QQf: 0.57398033
alpha: 0.24730526
beta: 0.08126486
gamma: 0.8556538
k: 1.1929905
