FFf: 0.97220683
QQf: 0.722549
alpha: 0.5873512
beta: 0.66178185
gamma: 0.2166425
k: 2.6128025
