FFf: 0.9620015
QQf: 0.7871846
alpha: 0.67720646
beta: 0.17670722
gamma: 0.8900691
k: 1.4786305
