FFf: 0.8461128
QQf: 0.9749435
alpha: 0.7111754
beta: 0.5134932
gamma: 0.16545387
k: 3.6388865
