FFf: 0.28317514
QQf: 0.81372285
alpha: 0.13050708
beta: 0.2768598
gamma: 0.94531465
k: 2.2374961
