FFf: 0.8185857
QQf: 0.6792453
alpha: 0.20613289
beta: 0.06955628
gamma: 0.28436247
k: 2.700817
