FFf: 0.88311607
QQf: 0.9719614
alpha: 0.34644875
beta: 0.56464803
gamma: 0.079701826
k: 1.9581873
