FFf: 0.69570875
QQf: 0.74988735
alpha: 0.7551456
beta: 0.8619781
gamma: 0.4780484
k: 3.913051
