FFf: 0.32777825
QQf: 0.5843676
alpha: 0.76158786
beta: 0.49788484
gamma: 0.3323631
k: 3.5650349
