FFf: 0.5345473
QQf: 0.97926456
alpha: 0.13482769
beta: 0.49877357
gamma: 0.9976466
k: 4.0136175
