FFf: 0.3264277
QQf: 0.75875443
alpha: 0.30823904
beta: 0.46291453
gamma: 0.5884392
k: 2.3825197
