FFf: 0.39551663
QQf: 0.76715916
alpha: 0.23046906
beta: 0.98423326
gamma: 0.4452156
k: 1.5085156
