FFf: 0.9394395
QQf: 0.55905765
alpha: 0.6662599
beta: 0.7084112
gamma: 0.21106029
k: 2.6846058
