FFf: 0.5721505
QQf: 0.95587134
alpha: 0.73766243
beta: 0.064055696
gamma: 0.20328079
k: 1.4985425
