FFf: 0.54247695
QQf: 0.9783624
alpha: 0.77592134
beta: 0.40901172
gamma: 0.5701824
k: 2.9364874
