FFf: 0.88367504
QQf: 0.7924107
alpha: 0.051922154
beta: 0.29650524
gamma: 0.95961446
k: 3.2444172
