FFf: 0.2042745
QQf: 0.67670256
alpha: 0.5456849
beta: 0.15524937
gamma: 0.8597654
k: 2.8652155
