FFf: 0.73163784
QQf: 0.5265442
alpha: 0.6516166
beta: 0.991237
gamma: 0.8040287
k: 1.3765564
