FFf: 0.8746669
QQf: 0.8223735
alpha: 0.57963276
beta: 0.67428446
gamma: 0.3380941
k: 3.5788338
