FFf: 0.90498286
QQf: 0.42348048
alpha: 0.7108985
beta: 0.40147048
gamma: 0.63339573
k: 1.9592742
