FFf: 0.9806978
QQf: 0.79716516
alpha: 0.23148258
beta: 0.6530473
gamma: 0.13679045
k: 2.8092701
