FFf: 0.981512
QQf: 0.8988905
alpha: 0.79997396
beta: 0.2753883
gamma: 0.3124893
k: 2.8226984
