FFf: 0.625225
QQf: 0.97332567
alpha: 0.5106843
beta: 0.49905348
gamma: 0.18915702
k: 4.055816
