FFf: 0.9739036
QQf: 0.92324847
alpha: 0.48311898
beta: 0.34930095
gamma: 0.22139706
k: 1.5832973
