FFf: 0.79724073
QQf: 0.6972219
alpha: 0.68494093
beta: 0.92583454
gamma: 0.52310634
k: 4.407608
