FFf: 0.8657212
QQf: 0.84962326
alpha: 0.27549812
beta: 0.59086144
gamma: 0.7478212
k: 1.5425967
