FFf: 0.49750808
QQf: 0.93284166
alpha: 0.18085906
beta: 0.5202455
gamma: 0.13040899
k: 2.7304108
