FFf: 0.7552598
QQf: 0.96029335
alpha: 0.49425435
beta: 0.4114739
gamma: 0.14466901
k: 1.8682541
