FFf: 0.5483338
QQf: 0.9860672
alpha: 0.79939854
beta: 0.23254459
gamma: 0.06218421
k: 4.158185
