FFf: 0.44789207
QQf: 0.66587216
alpha: 0.679515
beta: 0.46521813
gamma: 0.36384636
k: 1.3780338
