FFf: 0.7631793
QQf: 0.9310925
alpha: 0.676696
beta: 0.33201295
gamma: 0.090213716
k: 3.7834203
