FFf: 0.755462
QQf: 0.7553355
alpha: 0.4300005
beta: 0.68268013
gamma: 0.626653
k: 3.120346
