FFf: 0.9471987
QQf: 0.10626248
alpha: 0.93130165
beta: 0.96981627
gamma: 0.19024786
k: 3.1233492
