FFf: 0.60312593
QQf: 0.5350015
alpha: 0.65596926
beta: 0.23951755
gamma: 0.8520567
k: 2.0336902
