FFf: 0.76817065
QQf: 0.5586114
alpha: 0.32898355
beta: 0.48091808
gamma: 0.61921805
k: 1.8714504
