FFf: 0.5948517
QQf: 0.88964635
alpha: 0.49011338
beta: 0.5649657
gamma: 0.10993106
k: 3.502918
