FFf: 0.7795449
QQf: 0.66340786
alpha: 0.74939984
beta: 0.42340153
gamma: 0.4264575
k: 4.583953
