FFf: 0.9245189
QQf: 0.101796016
alpha: 0.30301434
beta: 0.50635535
gamma: 0.5589476
k: 3.9381745
