FFf: 0.8923506
QQf: 0.9657143
alpha: 0.23388584
beta: 0.22175355
gamma: 0.086541444
k: 4.901267
