FFf: 0.8768295
QQf: 0.9456935
alpha: 0.85557234
beta: 0.26451924
gamma: 0.27190232
k: 2.2134817
