FFf: 0.8748996
QQf: 0.987736
alpha: 0.24313965
beta: 0.20886132
gamma: 0.039149527
k: 2.497339
