FFf: 0.7473884
QQf: 0.7027383
alpha: 0.43398774
beta: 0.53769845
gamma: 0.7078378
k: 3.3346984
