FFf: 0.9841878
QQf: 0.8023223
alpha: 0.40055093
beta: 0.49479753
gamma: 0.16942185
k: 2.8931427
