FFf: 0.70879346
QQf: 0.957043
alpha: 0.38038814
beta: 0.32870713
gamma: 0.1178567
k: 4.4791064
