FFf: 0.8835321
QQf: 0.8282911
alpha: 0.11890017
beta: 0.99022216
gamma: 0.21000588
k: 4.672514
