FFf: 0.7395005
QQf: 0.6547703
alpha: 0.38073763
beta: 0.8971351
gamma: 0.7481263
k: 2.623827
