FFf: 0.71261466
QQf: 0.89579695
alpha: 0.554471
beta: 0.5300233
gamma: 0.36514288
k: 1.9315668
