FFf: 0.973187
QQf: 0.40049887
alpha: 0.12834619
beta: 0.832968
gamma: 0.99576384
k: 3.8601615
