FFf: 0.784134
QQf: 0.8270472
alpha: 0.56662947
beta: 0.55700266
gamma: 0.55384326
k: 3.631666
