FFf: 0.8908193
QQf: 0.86340815
alpha: 0.47463438
beta: 0.56977445
gamma: 0.44791272
k: 4.341249
