FFf: 0.9698687
QQf: 0.9151268
alpha: 0.55558455
beta: 0.53944343
gamma: 0.42731392
k: 1.9405773
