FFf: 0.98253834
QQf: 0.9041389
alpha: 0.44401628
beta: 0.5697606
gamma: 0.37935323
k: 3.883774
