FFf: 0.8183854
QQf: 0.8440182
alpha: 0.4063974
beta: 0.31465912
gamma: 0.75485784
k: 2.5359719
