FFf: 0.73885804
FFn: 0.38039485
QQf: 0.9822794
QQn: 0.23347293
alpha: 0.7653004
k: 4.0294776
