FFf: 0.7174044
FFn: 0.34446993
QQf: 0.9351246
QQn: 0.04666494
alpha: 0.13436244
k: 1.0483202
