FFf: 0.6737313
FFn: 0.64683825
QQf: 0.7469971
QQn: 0.008123096
alpha: 0.9962468
k: 4.6039224
