FFf: 0.82548743
FFn: 0.56485856
QQf: 0.94114244
QQn: 0.18419549
alpha: 0.90010226
k: 3.4285104
