FFf: 0.7422298
FFn: 0.4405225
QQf: 0.9832241
QQn: 0.21394701
alpha: 0.032258905
k: 3.424586
