FFf: 0.79924077
FFn: 0.21179861
QQf: 0.9744623
QQn: 0.49756408
alpha: 0.013937614
k: 4.905898
