FFf: 0.9548879
FFn: 0.32127884
QQf: 0.9817084
QQn: 0.08129129
alpha: 0.11925936
k: 1.0263703
