FFf: 0.9698204
FFn: 0.48884845
QQf: 0.683343
QQn: 0.09967635
alpha: 0.9825935
k: 2.2186177
