FFf: 0.8627541
FFn: 0.2015082
QQf: 0.94407654
QQn: 0.28856435
alpha: 0.022014402
k: 3.4000068
