FFf: 0.67198586
FFn: 0.40272424
QQf: 0.98858935
QQn: 0.0576559
alpha: 0.61717427
k: 4.9596896
