FFf: 0.9699632
FFn: 0.46508527
QQf: 0.989439
QQn: 0.041342467
alpha: 0.6916922
k: 2.8164425
