FFf: 0.9502371
FFn: 0.25144878
QQf: 0.7492586
QQn: 0.48368365
alpha: 0.020647533
k: 1.1630145
