FFf: 0.7779037
FFn: 0.50206983
QQf: 0.98971033
QQn: 0.44552925
alpha: 0.86606896
k: 3.574315
