FFf: 0.9513744
FFn: 0.26898113
QQf: 0.9774433
QQn: 0.49976054
alpha: 0.12907355
k: 1.0295315
