FFf: 0.968616
FFn: 0.2896569
QQf: 0.9898782
QQn: 0.17105927
alpha: 0.12864016
k: 1.6086296
