FFf: 0.8709487
FFn: 0.5959368
QQf: 0.985411
QQn: 0.13211371
alpha: 0.0029688333
k: 2.5100543
