FFf: 0.92890155
FFn: 0.42528707
QQf: 0.5075294
QQn: 0.04883179
alpha: 0.9796313
k: 2.417321
