FFf: 0.9408531
FFn: 0.35532212
QQf: 0.9884954
QQn: 0.012999126
alpha: 0.35636318
k: 2.2638876
