FFf: 0.95801073
FFn: 0.45571402
QQf: 0.8862063
QQn: 0.09852524
alpha: 0.4583105
k: 3.0975924
