FFf: 0.69919175
FFn: 0.5607989
QQf: 0.9870872
QQn: 0.28881463
alpha: 0.728331
k: 3.282841
