FFf: 0.93180877
FFn: 0.29677618
QQf: 0.9786143
QQn: 0.30165914
alpha: 0.80422336
k: 4.2384934
