FFf: 0.9687981
FFn: 0.25733635
QQf: 0.9345488
QQn: 0.1627125
alpha: 0.043796785
k: 4.667885
