FFf: 0.9689763
FFn: 0.31761423
QQf: 0.9262148
QQn: 0.07153514
alpha: 0.01767698
k: 1.5476981
