FFf: 0.84698844
FFn: 0.63860226
QQf: 0.9794658
QQn: 0.4998791
alpha: 0.23401071
k: 4.9526844
