FFf: 0.95154226
FFn: 0.45544997
QQf: 0.7695307
QQn: 0.25329775
alpha: 0.24384598
k: 1.2337648
