FFf: 0.77498835
FFn: 0.42542475
QQf: 0.98577374
QQn: 0.0766762
alpha: 0.78913665
k: 4.967551
