FFf: 0.7367875
FFn: 0.45204362
QQf: 0.97960323
QQn: 0.23859186
alpha: 0.9435549
k: 3.0529606
