FFf: 0.9695192
FFn: 0.20462827
QQf: 0.76521486
QQn: 0.49906206
alpha: 0.07433101
k: 3.1796348
