FFf: 0.9220121
FFn: 0.2980374
QQf: 0.71997327
QQn: 0.37120548
alpha: 0.07022418
k: 1.2038354
