FFf: 0.93286353
FFn: 0.5972534
QQf: 0.74186397
QQn: 0.028470786
alpha: 0.980039
k: 3.6977496
