FFf: 0.95590234
FFn: 0.5202681
QQf: 0.55758923
QQn: 0.16186757
alpha: 0.78954154
k: 1.2973577
