FFf: 0.9590881
FFn: 0.3310109
QQf: 0.9793321
QQn: 0.24104264
alpha: 0.3370829
k: 3.500542
