FFf: 0.8939838
FFn: 0.28196716
QQf: 0.98508394
QQn: 0.39566013
alpha: 0.31216422
k: 1.3256382
