FFf: 0.6858749
FFn: 0.20405093
QQf: 0.9862232
QQn: 0.397223
alpha: 0.008984181
k: 1.625239
