FFf: 0.92432916
FFn: 0.42295408
QQf: 0.54480255
QQn: 0.39363545
alpha: 0.10593427
k: 2.9369636
