FFf: 0.7166384
FFn: 0.46771094
QQf: 0.51404995
QQn: 0.09003838
alpha: 0.28181237
k: 1.0036701
