FFf: 0.6757833
FFn: 0.28983116
QQf: 0.98955894
QQn: 0.12649965
alpha: 0.3621199
k: 4.996809
