FFf: 0.96760684
FFn: 0.5058876
QQf: 0.5293973
QQn: 0.35000226
alpha: 0.24580665
k: 3.043095
