FFf: 0.7868206
FFn: 0.3037884
QQf: 0.98057383
QQn: 0.31586584
alpha: 0.11719142
k: 1.13801
