FFf: 0.9229713
FFn: 0.58763295
QQf: 0.95171803
QQn: 0.356569
alpha: 0.4126318
k: 4.015297
