FFf: 0.9335272
FFn: 0.48497546
QQf: 0.78952086
QQn: 0.3840034
alpha: 0.096430816
k: 1.0931329
