FFf: 0.9483003
FFn: 0.24760132
QQf: 0.980044
QQn: 0.2658501
alpha: 0.106055655
k: 2.3961163
