FFf: 0.94137603
FFn: 0.36758256
QQf: 0.989736
QQn: 0.3770606
alpha: 0.5772533
k: 2.533987
