FFf: 0.8236209
FFn: 0.2118536
QQf: 0.9444999
QQn: 0.49619752
alpha: 0.024002366
k: 2.3310165
