FFf: 0.76619375
FFn: 0.61631185
QQf: 0.5651909
QQn: 0.042681783
alpha: 0.4610756
k: 1.0258172
