FFf: 0.9687231
FFn: 0.33670148
QQf: 0.50381106
QQn: 0.108647145
alpha: 0.8961026
k: 1.0063766
