FFf: 0.75287616
FFn: 0.44301364
QQf: 0.92611516
QQn: 0.49807128
alpha: 0.16464217
k: 4.9986916
