FFf: 0.6992963
FFn: 0.6641379
QQf: 0.7778716
QQn: 0.4071701
alpha: 0.13035597
k: 4.142235
