FFf: 0.6720136
FFn: 0.65776116
QQf: 0.66847074
QQn: 0.19693498
alpha: 0.7420702
k: 1.004294
