FFf: 0.77431625
FFn: 0.25504115
QQf: 0.980716
QQn: 0.25407654
alpha: 0.57946455
k: 3.6239839
