FFf: 0.9698676
FFn: 0.40739295
QQf: 0.51095194
QQn: 0.10087741
alpha: 0.80663615
k: 1.907817
