FFf: 0.91366726
FFn: 0.5571403
QQf: 0.98481363
QQn: 0.13632554
alpha: 0.7004378
k: 4.984167
