FFf: 0.9480095
FFn: 0.25187927
QQf: 0.838685
QQn: 0.3549293
alpha: 0.024714854
k: 4.6076508
