FFf: 0.9525271
FFn: 0.41593483
QQf: 0.9862771
QQn: 0.0028446254
alpha: 0.90429217
k: 1.4405683
