FFf: 0.85946304
FFn: 0.49053317
QQf: 0.98416865
QQn: 0.095024325
alpha: 0.49685836
k: 3.1911037
