FFf: 0.87514555
FFn: 0.44614324
QQf: 0.9816904
QQn: 0.006027822
alpha: 0.6701322
k: 3.3625758
