FFf: 0.80786735
FFn: 0.41734836
QQf: 0.5455269
QQn: 0.010685075
alpha: 0.90564454
k: 1.0224081
