FFf: 0.8729849
FFn: 0.5992166
QQf: 0.5102666
QQn: 0.20909895
alpha: 0.9048929
k: 3.334121
