FFf: 0.905251
FFn: 0.44270092
QQf: 0.93864065
QQn: 0.49933806
alpha: 0.630814
k: 4.9078717
