FFf: 0.89808124
FFn: 0.6000594
QQf: 0.9822813
QQn: 0.058314573
alpha: 0.81439453
k: 1.9752551
