FFf: 0.9541472
FFn: 0.205945
QQf: 0.9761286
QQn: 0.267096
alpha: 0.016774474
k: 3.5417805
