FFf: 0.9640703
FFn: 0.5033912
QQf: 0.96272796
QQn: 0.49857628
alpha: 0.62610734
k: 4.959567
