FFf: 0.81298906
FFn: 0.48062515
QQf: 0.9108569
QQn: 0.08764676
alpha: 0.95119405
k: 4.041912
