FFf: 0.7768887
FFn: 0.21462877
QQf: 0.9410272
QQn: 0.28387293
alpha: 0.22893791
k: 1.2449884
