FFf: 0.9566992
FFn: 0.51111203
QQf: 0.57020223
QQn: 0.09434922
alpha: 0.76316726
k: 1.0607685
