FFf: 0.95901793
FFn: 0.48742273
QQf: 0.96098924
QQn: 0.054003503
alpha: 0.9464102
k: 4.574688
