FFf: 0.92517084
FFn: 0.3030318
QQf: 0.97991717
QQn: 0.10563321
alpha: 0.3720623
k: 1.7610846
