FFf: 0.69975924
FFn: 0.29788232
QQf: 0.9750294
QQn: 0.4179357
alpha: 0.29065478
k: 4.670525
