FFf: 0.6765514
FFn: 0.33796316
QQf: 0.98693526
QQn: 0.438968
alpha: 0.8404538
k: 4.9995174
