FFf: 0.8736134
FFn: 0.50953555
QQf: 0.61918014
QQn: 0.0032494513
alpha: 0.8702813
k: 1.8343738
