FFf: 0.8891804
FFn: 0.47383735
QQf: 0.98961836
QQn: 0.22013278
alpha: 0.51326364
k: 3.228316
