FFf: 0.96810424
FFn: 0.6359954
QQf: 0.8869801
QQn: 0.054758456
alpha: 0.53876483
k: 4.997972
