FFf: 0.9160488
FFn: 0.41544184
QQf: 0.52012426
QQn: 0.14149716
alpha: 0.92251444
k: 3.9813285
