FFf: 0.9367777
FFn: 0.5588051
QQf: 0.60448116
QQn: 0.44178495
alpha: 0.59962916
k: 1.0630969
