FFf: 0.91190886
FFn: 0.5958413
QQf: 0.58852875
QQn: 0.35735473
alpha: 0.8941492
k: 1.7519312
