FFf: 0.8322997
FFn: 0.46162528
QQf: 0.988974
QQn: 0.23669901
alpha: 0.47360188
k: 2.833562
