FFf: 0.8358824
FFn: 0.52336985
QQf: 0.56839424
QQn: 0.21989287
alpha: 0.8548244
k: 2.8197281
