FFf: 0.9202277
FFn: 0.3997357
QQf: 0.9417576
QQn: 0.042360187
alpha: 0.25366265
k: 2.4618618
