FFf: 0.67290384
FFn: 0.24324769
QQf: 0.98982555
QQn: 0.08073524
alpha: 0.06464994
k: 4.96893
