FFf: 0.9644093
FFn: 0.29315108
QQf: 0.95564574
QQn: 0.23086673
alpha: 0.42388064
k: 1.0857133
