FFf: 0.88399345
FFn: 0.5568422
QQf: 0.9528669
QQn: 0.09512471
alpha: 0.6701681
k: 4.4748883
