FFf: 0.7548657
FFn: 0.5025142
QQf: 0.5962579
QQn: 0.457994
alpha: 0.8203243
k: 3.0043838
