FFf: 0.9180625
FFn: 0.5137887
QQf: 0.9297825
QQn: 0.24619274
alpha: 0.37144488
k: 1.961291
