FFf: 0.7949958
FFn: 0.44375932
QQf: 0.5182964
QQn: 0.019377181
alpha: 0.755769
k: 1.0031054
