FFf: 0.893716
FFn: 0.56648487
QQf: 0.7688699
QQn: 0.4449914
alpha: 0.885721
k: 4.6633573
