FFf: 0.7001452
FFn: 0.2944928
QQf: 0.5916289
QQn: 0.39007288
alpha: 0.7246483
k: 4.0966167
