FFf: 0.9643437
FFn: 0.2734063
QQf: 0.9383648
QQn: 0.33458185
alpha: 0.34616092
k: 2.5628574
