FFf: 0.9603665
FFn: 0.20928863
QQf: 0.94647634
QQn: 0.26990935
alpha: 0.57377154
k: 1.0485183
