FFf: 0.96039146
FFn: 0.65387064
QQf: 0.9541683
QQn: 0.3938167
alpha: 0.6997439
k: 4.1457024
