FFf: 0.96981376
FFn: 0.5358676
QQf: 0.939379
QQn: 0.49917376
alpha: 0.5146419
k: 3.20575
