FFf: 0.9698066
FFn: 0.58501595
QQf: 0.93757194
QQn: 0.40801316
alpha: 0.41442528
k: 3.3744602
