FFf: 0.9699505
FFn: 0.36967462
QQf: 0.8417451
QQn: 0.3499982
alpha: 0.22096217
k: 3.8366358
