FFf: 0.9322749
FFn: 0.53507316
QQf: 0.9668726
QQn: 0.0049421806
alpha: 0.038305786
k: 1.2053092
