FFf: 0.5127011
QQf: 0.98556066
alpha: 0.6579475
beta: 0.6508417
gamma: 0.7322662
k: 3.9873414
