FFf: 0.33977666
QQf: 0.15148665
alpha: 0.49751142
beta: 0.3836946
gamma: 0.52178717
k: 3.072466
