FFf: 0.54209137
QQf: 0.10774536
alpha: 0.819825
beta: 0.96962786
gamma: 0.5821468
k: 2.8650262
