FFf: 0.8687982
QQf: 0.9429417
alpha: 0.64113957
beta: 0.80415833
gamma: 0.014512795
k: 4.028179
