FFf: 0.6487157
QQf: 0.95431376
alpha: 0.8857838
beta: 0.52723336
gamma: 0.16515797
k: 2.2441053
