FFf: 0.76362723
QQf: 0.9699155
alpha: 0.82086957
beta: 0.38534197
gamma: 0.5645039
k: 2.363853
