FFf: 0.75866574
QQf: 0.744617
alpha: 0.808125
beta: 0.3184221
gamma: 0.030456953
k: 2.3547022
