FFf: 0.98756987
QQf: 0.31241208
alpha: 0.27489966
beta: 0.63126594
gamma: 0.28355125
k: 2.9461553
