FFf: 0.79762924
QQf: 0.9127215
alpha: 0.4904718
beta: 0.4105227
gamma: 0.7911037
k: 3.3321645
