FFf: 0.33324283
QQf: 0.9024813
alpha: 0.5989386
beta: 0.67470556
gamma: 0.030618055
k: 4.286523
