FFf: 0.9881438
QQf: 0.20255631
alpha: 0.17516328
beta: 0.30070683
gamma: 0.9668008
k: 3.001274
