FFf: 0.98082626
QQf: 0.75052226
alpha: 0.21645471
beta: 0.6750559
gamma: 0.797206
k: 4.770781
