FFf: 0.534367
QQf: 0.9070709
alpha: 0.71710104
beta: 0.80441296
gamma: 0.111865185
k: 4.9182568
