FFf: 0.978205
QQf: 0.9025362
alpha: 0.39140078
beta: 0.28054723
gamma: 0.23993501
k: 1.218297
