FFf: 0.9826739
QQf: 0.9834526
alpha: 0.2163157
beta: 0.3063182
gamma: 0.6846052
k: 2.4307945
