FFf: 0.487386
QQf: 0.9796217
alpha: 0.4315966
beta: 0.6440464
gamma: 0.68741536
k: 3.4356103
