FFf: 0.9229301
QQf: 0.21942149
alpha: 0.44821644
beta: 0.5693761
gamma: 0.455495
k: 3.274514
