FFf: 0.9675919
QQf: 0.806392
alpha: 0.24900416
beta: 0.16787446
gamma: 0.64046043
k: 1.3732382
