FFf: 0.9587452
QQf: 0.7989909
alpha: 0.8114323
beta: 0.4043865
gamma: 0.8642969
k: 2.1755915
