FFf: 0.34840107
QQf: 0.98720044
alpha: 0.72908956
beta: 0.30736968
gamma: 0.77708185
k: 4.2932906
