FFf: 0.33173177
QQf: 0.84009534
alpha: 0.6377482
beta: 0.5176167
gamma: 0.37302926
k: 2.2843874
