FFf: 0.96803474
QQf: 0.95356524
alpha: 0.52546906
beta: 0.29186732
gamma: 0.40274656
k: 1.3820412
