FFf: 0.987684
QQf: 0.13946912
alpha: 0.6667273
beta: 0.64865535
gamma: 0.99671865
k: 1.1394414
