FFf: 0.9339213
QQf: 0.96406764
alpha: 0.2015642
beta: 0.5883414
gamma: 0.8541062
k: 2.523415
