FFf: 0.85466474
QQf: 0.9827696
alpha: 0.16356853
beta: 0.8030446
gamma: 0.071960054
k: 4.570637
