FFf: 0.8588284
QQf: 0.9499444
alpha: 0.71794426
beta: 0.9193781
gamma: 0.011029648
k: 4.7355337
