FFf: 0.5677675
QQf: 0.2136845
alpha: 0.32516307
beta: 0.6313818
gamma: 0.41473353
k: 4.0656548
