FFf: 0.9377544
QQf: 0.8986268
alpha: 0.04996253
beta: 0.3463542
gamma: 0.27562708
k: 1.2651128
