FFf: 0.8102644
QQf: 0.728587
alpha: 0.43840754
beta: 0.66147196
gamma: 0.91129565
k: 3.5963154
