FFf: 0.9750269
QQf: 0.10063104
alpha: 0.90424514
beta: 0.89536846
gamma: 0.36706913
k: 1.4624491
