FFf: 0.9873496
QQf: 0.2562362
alpha: 0.9504802
beta: 0.008647276
gamma: 0.65128523
k: 3.7638218
