FFf: 0.6378026
QQf: 0.974722
alpha: 0.64479375
beta: 0.2351078
gamma: 0.75258225
k: 2.7387345
