FFf: 0.7821864
QQf: 0.9601592
alpha: 0.30724362
beta: 0.40794072
gamma: 0.043625005
k: 1.5430818
