FFf: 0.5449322
QQf: 0.9830949
alpha: 0.5738483
beta: 0.3555114
gamma: 0.5566736
k: 3.6151094
