FFf: 0.95389485
QQf: 0.6279599
alpha: 0.586149
beta: 0.23678237
gamma: 0.6693913
k: 3.1655211
