FFf: 0.20181423
QQf: 0.23625177
alpha: 0.4242918
beta: 0.59797066
gamma: 0.37666947
k: 3.8007004
