FFf: 0.60801715
QQf: 0.8948784
alpha: 0.16843215
beta: 0.53802687
gamma: 0.98056024
k: 2.218719
