FFf: 0.98867834
QQf: 0.4319265
alpha: 0.7106424
beta: 0.6585381
gamma: 0.71664757
k: 3.7921462
