FFf: 0.948623
QQf: 0.97247213
alpha: 0.5382407
beta: 0.42550063
gamma: 0.16379987
k: 2.702951
