FFf: 0.78796965
QQf: 0.98671937
alpha: 0.39059195
beta: 0.28239968
gamma: 0.5176913
k: 2.847089
