FFf: 0.9567903
QQf: 0.552479
alpha: 0.4852956
beta: 0.62820816
gamma: 0.72168314
k: 2.2473667
