FFf: 0.9348945
QQf: 0.9292511
alpha: 0.20161809
beta: 0.47100836
gamma: 0.9205444
k: 3.0606284
