FFf: 0.9372639
QQf: 0.8435663
alpha: 0.51149744
beta: 0.29786095
gamma: 0.4235506
k: 1.984594
