FFf: 0.8047011
QQf: 0.9174317
alpha: 0.52613395
beta: 0.040736884
gamma: 0.27212462
k: 1.4735488
