FFf: 0.94719654
QQf: 0.14677462
alpha: 0.2765107
beta: 0.22145136
gamma: 0.062199824
k: 1.6439221
