FFf: 0.9879205
QQf: 0.25041217
alpha: 0.7703816
beta: 0.367855
gamma: 0.39264914
k: 1.4975036
