FFf: 0.5508986
QQf: 0.91606104
alpha: 0.6415445
beta: 0.55035543
gamma: 0.6720179
k: 3.2128816
