FFf: 0.6211197
QQf: 0.63524675
alpha: 0.40829572
beta: 0.40931642
gamma: 0.91196567
k: 2.4406798
