FFf: 0.41264406
QQf: 0.11473242
alpha: 0.97565055
beta: 0.6378722
gamma: 0.45965227
k: 4.01529
