FFf: 0.6109938
QQf: 0.97681254
alpha: 0.49607962
beta: 0.7297503
gamma: 0.8258495
k: 4.154848
