FFf: 0.98539305
QQf: 0.15625805
alpha: 0.13125075
beta: 0.18288676
gamma: 0.5282288
k: 2.4356737
