FFf: 0.8341425
QQf: 0.98094666
alpha: 0.46060893
beta: 0.669502
gamma: 0.017709972
k: 2.3366864
