FFf: 0.92714685
QQf: 0.8650291
alpha: 0.44034743
beta: 0.016908046
gamma: 0.7741524
k: 1.9782022
