FFf: 0.7223078
QQf: 0.9525642
alpha: 0.4629847
beta: 0.8984588
gamma: 0.011612983
k: 1.9988519
