FFf: 0.98200715
QQf: 0.20168172
alpha: 0.4399916
beta: 0.476983
gamma: 0.5067097
k: 3.7756684
