FFf: 0.7103191
QQf: 0.9306657
alpha: 0.13994692
beta: 0.9565048
gamma: 0.7924317
k: 1.9755391
