FFf: 0.89161575
QQf: 0.10369454
alpha: 0.1681669
beta: 0.16117497
gamma: 0.06767325
k: 3.1231997
