FFf: 0.971959
QQf: 0.38584444
alpha: 0.7434106
beta: 0.29404876
gamma: 0.47847626
k: 3.146008
