FFf: 0.8897346
QQf: 0.9198464
alpha: 0.29584953
beta: 0.18833114
gamma: 0.9563118
k: 3.5422273
