FFf: 0.9770218
QQf: 0.36170778
alpha: 0.13352606
beta: 0.27798143
gamma: 0.8877938
k: 3.8310928
