FFf: 0.9703557
QQf: 0.94204515
alpha: 0.13953908
beta: 0.19342415
gamma: 0.88158387
k: 2.1709182
