FFf: 0.95407796
QQf: 0.96895075
alpha: 0.898117
beta: 0.48128584
gamma: 0.13900644
k: 2.6385145
