FFf: 0.8926047
QQf: 0.40025756
alpha: 0.891394
beta: 0.768202
gamma: 0.016016414
k: 3.0237803
