FFf: 0.98598176
QQf: 0.9844088
alpha: 0.55454475
beta: 0.6898514
gamma: 0.24315773
k: 2.1710603
