FFf: 0.98847395
QQf: 0.17763442
alpha: 0.569907
beta: 0.54771245
gamma: 0.6095969
k: 3.0301585
