FFf: 0.9848234
QQf: 0.5968702
alpha: 0.9659126
beta: 0.92777693
gamma: 0.029871609
k: 3.0795255
