FFf: 0.723599
QQf: 0.95925575
alpha: 0.4563831
beta: 0.13127524
gamma: 0.08605605
k: 3.6820524
