FFf: 0.6647215
QQf: 0.96723986
alpha: 0.550593
beta: 0.09562875
gamma: 0.9355391
k: 2.4612756
