FFf: 0.56082267
QQf: 0.94034296
alpha: 0.5748284
beta: 0.71365494
gamma: 0.107338086
k: 4.369665
