FFf: 0.98546433
QQf: 0.5619697
alpha: 0.2221941
beta: 0.96123713
gamma: 0.39902008
k: 2.0541751
