FFf: 0.9165922
QQf: 0.9666805
alpha: 0.899326
beta: 0.074179895
gamma: 0.049280196
k: 4.901495
