FFf: 0.932909
QQf: 0.8957052
alpha: 0.22503008
beta: 0.92731404
gamma: 0.23956417
k: 4.270791
