FFf: 0.8857211
QQf: 0.18116195
alpha: 0.37858015
beta: 0.83019906
gamma: 0.9498066
k: 1.7409173
