FFf: 0.9862379
QQf: 0.48574454
alpha: 0.2304824
beta: 0.62241685
gamma: 0.87957084
k: 3.4536443
