FFf: 0.93240684
QQf: 0.38777506
alpha: 0.7365699
beta: 0.16814321
gamma: 0.77772856
k: 4.2737913
