FFf: 0.7002089
QQf: 0.98535275
alpha: 0.75428885
beta: 0.28675267
gamma: 0.0053963484
k: 2.2686267
