FFf: 0.84452206
QQf: 0.49556068
alpha: 0.9693103
beta: 0.579971
gamma: 0.5642833
k: 3.169274
