FFf: 0.97494084
QQf: 0.107085325
alpha: 0.65840334
beta: 0.9126906
gamma: 0.25659397
k: 4.094806
