FFf: 0.55851024
QQf: 0.93467486
alpha: 0.48691943
beta: 0.48294783
gamma: 0.9018867
k: 3.7931256
