FFf: 0.92991436
QQf: 0.48742843
alpha: 0.19183408
beta: 0.33140048
gamma: 0.6872597
k: 2.6025798
