FFf: 0.9159399
QQf: 0.9821757
alpha: 0.24706711
beta: 0.65112484
gamma: 0.010025935
k: 3.8543856
