FFf: 0.756158
QQf: 0.6078316
alpha: 0.7246357
beta: 0.6100939
gamma: 0.6898956
k: 3.1729562
