FFf: 0.97697127
QQf: 0.7923202
alpha: 0.42266476
beta: 0.28725052
gamma: 0.08393687
k: 3.1196542
