FFf: 0.5340522
QQf: 0.10695566
alpha: 0.5103709
beta: 0.82152605
gamma: 0.18549389
k: 3.4932075
