FFf: 0.98154664
QQf: 0.46987978
alpha: 0.7411392
beta: 0.8695522
gamma: 0.96105695
k: 3.4358122
