FFf: 0.69223243
QQf: 0.5739501
alpha: 0.50413257
beta: 0.6846389
gamma: 0.7873536
k: 2.8411827
