FFf: 0.5764498
QQf: 0.9562505
alpha: 0.27742547
beta: 0.20155232
gamma: 0.23160315
k: 1.7525773
