FFf: 0.8828026
QQf: 0.90725857
alpha: 0.21635242
beta: 0.312209
gamma: 0.38241443
k: 1.9764166
