FFf: 0.859642
QQf: 0.91953033
alpha: 0.7111067
beta: 0.546313
gamma: 0.23538123
k: 4.3340364
