FFf: 0.9561779
QQf: 0.86654323
alpha: 0.38255227
beta: 0.45129362
gamma: 0.22734521
k: 2.2757962
