FFf: 0.9220404
QQf: 0.9436776
alpha: 0.5453668
beta: 0.26484153
gamma: 0.11356782
k: 3.2823923
