FFf: 0.9551193
QQf: 0.90524304
alpha: 0.65932167
beta: 0.20880869
gamma: 0.3731938
k: 2.9074395
