FFf: 0.8917285
QQf: 0.8130137
alpha: 0.43399948
beta: 0.2526028
gamma: 0.7282552
k: 3.781133
