FFf: 0.69514793
FFn: 0.641746
QQf: 0.97578645
QQn: 0.1321121
alpha: 0.022585992
k: 1.6684846
