FFf: 0.7178754
FFn: 0.5188594
QQf: 0.95058465
QQn: 0.16565217
alpha: 0.93606913
k: 1.7144918
