FFf: 0.76931
FFn: 0.65858495
QQf: 0.92893875
QQn: 0.08902908
alpha: 0.9842447
k: 2.724701
