FFf: 0.7317768
FFn: 0.26257133
QQf: 0.98070014
QQn: 0.495691
alpha: 0.08572544
k: 4.980285
