FFf: 0.6832298
FFn: 0.6024258
QQf: 0.7482172
QQn: 0.020153597
alpha: 0.95599335
k: 1.9614697
