FFf: 0.9697601
FFn: 0.2573438
QQf: 0.98203677
QQn: 0.31374294
alpha: 0.31498033
k: 2.0507782
