FFf: 0.8445128
FFn: 0.21745774
QQf: 0.9426122
QQn: 0.33091882
alpha: 0.06900545
k: 4.862507
