FFf: 0.67488325
FFn: 0.21547258
QQf: 0.64012235
QQn: 0.13968325
alpha: 0.19856936
k: 1.0721174
