FFf: 0.9671007
FFn: 0.23147012
QQf: 0.75173885
QQn: 0.48688868
alpha: 0.043499697
k: 1.2082365
