FFf: 0.7886474
FFn: 0.44953603
QQf: 0.988804
QQn: 0.44951203
alpha: 0.91679764
k: 3.2285767
