FFf: 0.96729785
FFn: 0.2098096
QQf: 0.96950924
QQn: 0.47522095
alpha: 0.006233942
k: 4.2112308
