FFf: 0.9693756
FFn: 0.22125931
QQf: 0.9740775
QQn: 0.2139779
alpha: 0.08699107
k: 4.9066925
