FFf: 0.9181886
FFn: 0.39979312
QQf: 0.9880877
QQn: 0.3193125
alpha: 0.78360295
k: 1.1479523
