FFf: 0.6825552
FFn: 0.65013164
QQf: 0.9702099
QQn: 0.12198872
alpha: 0.8309758
k: 2.132883
