FFf: 0.6722323
FFn: 0.43096155
QQf: 0.6935875
QQn: 0.0041835564
alpha: 0.9712745
k: 1.3195837
