FFf: 0.9698143
FFn: 0.27094197
QQf: 0.97004116
QQn: 0.4273444
alpha: 0.10732758
k: 1.4423702
