FFf: 0.73625255
FFn: 0.6141835
QQf: 0.91724926
QQn: 0.021482373
alpha: 0.9837259
k: 1.6817337
