FFf: 0.68005496
FFn: 0.54145074
QQf: 0.53294164
QQn: 0.28440338
alpha: 0.4538483
k: 1.2743791
