FFf: 0.70510495
FFn: 0.28830042
QQf: 0.9791294
QQn: 0.27772
alpha: 0.3651335
k: 4.9894156
