FFf: 0.9698954
FFn: 0.20563783
QQf: 0.88536906
QQn: 0.00996492
alpha: 0.0048003844
k: 4.7751417
