FFf: 0.85820097
FFn: 0.24735585
QQf: 0.9753968
QQn: 0.28676677
alpha: 0.30776164
k: 1.1272702
