FFf: 0.9255718
FFn: 0.422099
QQf: 0.63108474
QQn: 0.085725226
alpha: 0.16656317
k: 1.1499271
