FFf: 0.9617583
FFn: 0.20825368
QQf: 0.97658217
QQn: 0.4093098
alpha: 0.048786297
k: 1.0112183
