FFf: 0.7531229
FFn: 0.3147517
QQf: 0.92372304
QQn: 0.035439447
alpha: 0.98686755
k: 1.5996788
