FFf: 0.95429933
FFn: 0.6550442
QQf: 0.58679265
QQn: 0.3616714
alpha: 0.86156577
k: 1.0916821
