FFf: 0.7518041
FFn: 0.30677187
QQf: 0.93351537
QQn: 0.4378395
alpha: 0.36299306
k: 4.7033405
