FFf: 0.9696348
FFn: 0.3389373
QQf: 0.7539514
QQn: 0.4988852
alpha: 0.91943
k: 4.9199543
