FFf: 0.67482567
FFn: 0.45558548
QQf: 0.9883739
QQn: 0.0014659824
alpha: 0.54643005
k: 2.850241
