FFf: 0.8976074
FFn: 0.4320573
QQf: 0.5600122
QQn: 0.1611385
alpha: 0.97464365
k: 3.695912
