FFf: 0.8853345
FFn: 0.41596928
QQf: 0.95986515
QQn: 0.49885324
alpha: 0.72482145
k: 4.80594
