FFf: 0.96783805
FFn: 0.20279424
QQf: 0.97739613
QQn: 0.30181652
alpha: 0.003252734
k: 3.2743268
