FFf: 0.9652096
FFn: 0.58194405
QQf: 0.9564683
QQn: 0.49801725
alpha: 0.5531201
k: 4.9882026
