FFf: 0.70718306
FFn: 0.40875754
QQf: 0.9666142
QQn: 0.04580806
alpha: 0.9163631
k: 1.8360023
