FFf: 0.791857
FFn: 0.6533272
QQf: 0.53261566
QQn: 0.27729848
alpha: 0.24138366
k: 1.0623237
