FFf: 0.9361873
FFn: 0.39276397
QQf: 0.8856249
QQn: 0.13318431
alpha: 0.12180572
k: 1.1260431
