FFf: 0.7809457
FFn: 0.50443333
QQf: 0.69317377
QQn: 0.10166117
alpha: 0.9300404
k: 1.1773132
