FFf: 0.86278474
FFn: 0.6502314
QQf: 0.9896227
QQn: 0.08947349
alpha: 0.39315033
k: 3.2212527
