FFf: 0.91852635
FFn: 0.5308732
QQf: 0.5353261
QQn: 0.43412974
alpha: 0.8757759
k: 4.6011147
