FFf: 0.92123276
FFn: 0.6166225
QQf: 0.64791906
QQn: 0.3093858
alpha: 0.98437536
k: 4.0903797
