FFf: 0.81089854
FFn: 0.62642217
QQf: 0.5228334
QQn: 0.3022398
alpha: 0.9391773
k: 2.083946
