FFf: 0.7514212
FFn: 0.32203633
QQf: 0.9893993
QQn: 0.30958295
alpha: 0.044284414
k: 4.9637823
