FFf: 0.96785843
FFn: 0.41661847
QQf: 0.9106825
QQn: 0.24848422
alpha: 0.11637626
k: 2.233522
