FFf: 0.84838355
FFn: 0.5636076
QQf: 0.80901045
QQn: 0.48089945
alpha: 0.85545015
k: 1.6254876
