FFf: 0.8963076
FFn: 0.5627116
QQf: 0.95451015
QQn: 0.3948306
alpha: 0.727394
k: 3.938147
