FFf: 0.9699869
FFn: 0.4308255
QQf: 0.8418119
QQn: 0.3966014
alpha: 0.15540771
k: 3.759635
