FFf: 0.86224216
FFn: 0.35043818
QQf: 0.89588815
QQn: 0.0066810343
alpha: 0.30363485
k: 1.5494386
