FFf: 0.83950764
QQf: 0.7435041
alpha: 0.3334964
alpha.1: 0.20020783
beta: 0.0086141685
k: 1.2400497
