FFf: 0.69513226
QQf: 0.7019359
alpha: 0.5914692
beta: 0.5360557
gamma: 0.9769506
k: 1.5289646
