FFf: 0.72683275
QQf: 0.9743973
alpha: 0.6982298
beta: 0.41948414
gamma: 0.79798335
k: 1.3927987
