FFf: 0.9334468
QQf: 0.8487585
alpha: 0.7810825
beta: 0.8771976
gamma: 0.3278027
k: 1.0061288
