FFf: 0.27414384
QQf: 0.9623217
alpha: 0.34782723
beta: 0.8181148
gamma: 0.113828406
k: 2.6886368
