FFf: 0.9809639
QQf: 0.90044224
alpha: 0.5223859
beta: 0.9252706
gamma: 0.619156
k: 1.1764743
