FFf: 0.90771264
QQf: 0.1891351
alpha: 0.09585637
beta: 0.9143075
gamma: 0.16038533
k: 3.931777
