FFf: 0.8857573
QQf: 0.9609325
alpha: 0.70009863
beta: 0.70141476
gamma: 0.043487355
k: 4.6783733
