FFf: 0.869719
QQf: 0.9859282
alpha: 0.13585591
beta: 0.62736726
gamma: 0.07578486
k: 2.2121994
