FFf: 0.9735401
QQf: 0.39228135
alpha: 0.87390035
beta: 0.864646
gamma: 0.6300404
k: 4.232045
