FFf: 0.98813796
QQf: 0.11545909
alpha: 0.33208632
beta: 0.32232565
gamma: 0.7370792
k: 1.3777645
