FFf: 0.98941797
QQf: 0.11004443
alpha: 0.85453403
beta: 0.7333603
gamma: 0.92868406
k: 1.4815094
