FFf: 0.71423
QQf: 0.9612401
alpha: 0.5590413
beta: 0.84181917
gamma: 0.93371946
k: 4.921705
