FFf: 0.7748949
QQf: 0.9236251
alpha: 0.43105432
beta: 0.98734945
gamma: 0.8959468
k: 1.3101312
