FFf: 0.8748305
QQf: 0.6659696
alpha: 0.12954903
beta: 0.28044173
gamma: 0.41134232
k: 1.4264852
