FFf: 0.9800708
QQf: 0.49967676
alpha: 0.56494564
beta: 0.0037821038
gamma: 0.76789755
k: 3.65726
