FFf: 0.5092311
QQf: 0.9869699
alpha: 0.5809587
beta: 0.91322625
gamma: 0.7895715
k: 1.4512672
