FFf: 0.8601535
QQf: 0.33022508
alpha: 0.23362917
beta: 0.005848481
gamma: 0.88839006
k: 4.377801
