FFf: 0.95661795
QQf: 0.120250106
alpha: 0.41606948
beta: 0.92088485
gamma: 0.011064796
k: 4.9624987
