FFf: 0.85898644
QQf: 0.10442708
alpha: 0.950842
beta: 0.49993598
gamma: 0.16455239
k: 4.2918224
